concord_type0 r2_type0
0.998 0.992
1.000 1.000
0.992 0.982
1.000 1.000
0.999 0.998
0.998 0.995
0.999 0.995
1.000 1.000
0.999 0.998
0.999 0.999
0.999 0.998
0.999 0.998
0.999 0.997
0.994 0.981
0.997 0.991
0.998 0.994
0.998 0.995
0.997 0.994
0.999 0.997
1.000 1.000
0.998 0.993
1.000 0.999
1.000 1.000
0.997 0.991
0.999 0.999
0.999 0.998
0.998 0.992
0.999 0.997
0.999 0.998
0.991 0.975
0.990 0.974
1.000 0.999
1.000 0.999
0.998 0.994
1.000 1.000
1.000 0.999
0.999 0.998
1.000 1.000
0.998 0.995
0.999 0.998
0.999 0.997
1.000 0.999
1.000 1.000
1.000 1.000
0.995 0.988
0.992 0.982
1.000 1.000
0.998 0.992
0.999 0.998
0.999 0.998
0.999 0.997
1.000 1.000
1.000 1.000
1.000 0.999
1.000 0.999
0.999 0.998
0.997 0.993
1.000 0.999
0.998 0.996
0.997 0.993
1.000 1.000
1.000 0.999
1.000 1.000
1.000 0.999
1.000 1.000
1.000 1.000
0.996 0.989
0.994 0.985
0.999 0.998
0.998 0.995
0.997 0.992
1.000 0.999
1.000 0.999
0.998 0.995
1.000 0.999
1.000 0.999
0.996 0.988
1.000 0.999
0.999 0.997
1.000 0.999
0.999 0.997
0.997 0.993
1.000 0.999
0.998 0.995
0.991 0.975
1.000 0.999
0.999 0.997
0.999 0.996
1.000 0.999
0.997 0.994
1.000 0.999
0.999 0.998
0.999 0.999
1.000 1.000
0.990 0.975
0.995 0.990
1.000 1.000
0.998 0.994
1.000 0.999
0.997 0.993
