> start 0
1.0000000000
0.0008062999
0.0012782082
0.0016837449
0.0017175458
0.0023716642
0.0076236528
0.0073968849
0.0115219434
0.0109035483
0.0129126077
0.0274698168
0.0171063421
0.0470503980
0.0329472426
0.0514036400
0.0716470912
0.0287452451
0.0522006741
0.0338648743
0.0285530304
0.0215110737
0.0341475929
0.0267800765
0.0603090756
0.0156968224
0.0169621694
0.0315265123
0.0368751176
0.0903656793
0.0547355760
0.0356093460
0.0250126058
0.0791905172
0.0482292346
0.0503255638
0.0528015731
0.0268153108
0.0069300300
0.0077399965
0.0099823239
0.0093217715
0.0058846072
0.0084669179
0.0141025548
0.0115771037
0.0347374144
0.0657321009
0.0989670956
0.1047870445
0.1166910138
0.1600832380
0.2421668360
0.0517774884
0.0168489756
0.0200452080
0.0052667045
0.0058717878
0.0044657696
0.0509510280
0.1043726636
0.0490175628
0.1234391124
0.0380200562
0.0537642654
0.0454239600
0.0068871482
0.0055925996
0.0055529963
0.0085201790
0.1175531865
0.0194503897
0.0095497581
0.0097478078
0.0190942484
0.0300748877
0.0152031365
0.0102819735
0.0066553574
0.0068062166
0.0038279243
0.0027106689
0.0204407211
0.0476965167
0.0748606863
0.1060083477
0.0733783517
0.2956528267
0.1186607149
0.0702484917
0.0159193946
0.0106251961
0.0062428831
0.0029439670
0.0026580700
0.0038376600
0.0066482576
0.0035461747
0.0068547173
0.0265195963
0.0248286733
0.0243572434
0.0394135013
0.1269593513
0.2435307482
0.0872153852
0.0201442512
0.0229511473
0.0457993705
0.0140936698
0.0162617269
0.0212406562
0.0021747791
0.0006626141
0.0860407408
0.0212032170
0.0063607974
0.0203003782
0.0531544315
0.0796704972
0.2946412147
0.2159502603
0.0538081940
0.0125161624
0.0035912558
0.0071671138
0.0059515140
0.0635549474
0.0107107579
0.0047343359
0.0297292243
0.0158209098
0.0239771368
0.0410681870
0.0517431610
0.0166634857
0.0242712958
0.0313003619
0.0393621347
0.0479885585
0.0887699005
0.0957036887
0.1388200609
0.0221863234
0.0021933550
0.0036322707
0.0034606716
0.0107994713
0.0148309316
0.0286784573
0.0480862732
0.0837895714
0.1443841050
0.1038640392
0.1632529972
0.3977021952
0.0996980352
0.0867752360
0.0686440881
0.0338615302
0.0355248668
0.0426813686
0.0205977137
0.0119090140
0.0062589164
0.0034939949
0.0214818908
0.0189961692
0.0499005538
0.0624595199
0.0403784085
0.0050764698
0.0277695987
0.0081907562
0.0014049139
0.0050266394
0.0098395201
0.0068164632
0.0056564779
0.0122840211
0.0294770599
0.2285619449
0.0303423672
0.0210003194
0.0159837910
0.0100297212
0.0230460966
0.0513896616
0.1348921653
0.0622521060
0.0392183081
0.0920382133
0.0496926813
0.0389100659
0.0405694366
0.0462991759
0.0857686373
0.1113451560
0.0860454375
0.0525592060
0.0248324094
0.0140510994
0.0724850100
0.1108738318
0.1217939871
0.0789677049
0.0432441083
0.0368783958
0.0386334179
0.0192112465
0.0128311299
0.0142551080
0.0141762005
0.0804753512
0.1197225390
0.1109243584
0.0643667684
0.0745622763
0.0410730660
0.0303677917
0.0527190054
0.0629248551
0.0640609233
0.0111781356
0.0140567380
0.0087599325
0.0209157796
0.0787044603
0.1131907101
0.0512319366
0.0580995068
0.0478118369
0.0678551398
0.0871083070
0.0245658575
0.0208541716
0.0135538910
0.0400526756
0.0470947985
0.0250124529
0.0302215740
0.0179680278
0.0163297094
0.0229961319
0.0219537989
0.0636944292
0.0974704746
0.0276347794
0.0522358200
0.0358004144
0.0411563157
0.0691932312
0.0772181436
0.0811032314
0.0525314600
0.0761310316
0.1043009126
0.1237976441
0.0179925396
0.0202093078
0.0109788811
0.0157412231
0.0307031261
0.0332238407
0.0324480498
0.0224063023
0.0239861390
0.0426336384
0.0742125713
0.0710043099
0.1112605522
0.0386862573
0.0277198134
0.0178240677
0.0131923096
0.0079078269
0.0106538331
0.0400956598
0.0624973204
0.0403764005
0.0609350800
0.0067821646
0.0279766866
0.0533002829
0.0234291319
0.1882339326
0.0459248210
0.1158234548
0.0288928946
0.0442304179
0.0490655422
0.0374915349
0.0166096578
0.0141511755
0.0070581632
0.0076329849
0.0136392857
0.0150393765
0.0294351231
0.0364998568
0.0751673352
0.0072496657
0.0107162971
0.0057895289
0.0157756607
0.0167133094
0.0036832223
0.0110841963
0.0112607241
0.0689953792
0.0242981069
0.0290908284
0.0246858799
0.0373608190
0.0235818949
0.0522455540
0.0482736614
0.1152868453
0.3393873508
0.2736618240
0.2701123171
0.1681403800
0.0328447890
0.0120439087
0.0040675274
0.0074534007
0.0127269646
0.0338886310
0.0230490041
0.0206797449
0.0128495840
0.0346107623
0.0299568191
0.0405214959
0.0066810782
0.0046482324
0.0119789656
0.1104759744
0.0909733411
0.0960192893
0.1358018602
0.0151020228
0.0101771189
0.0247199032
0.0174887978
0.0326823324
0.0152784715
0.0254833356
0.0470580538
0.0225515017
0.0150631457
0.0092634292
0.0135548644
0.0221862924
0.0394674942
0.0334841991
0.0598345434
0.0817152671
0.1110189464
0.0440123988
0.0456992430
0.0765422730
0.0310761239
0.0159706828
0.0784979800
0.0487766114
0.0745683478
0.0343607973
0.0134383883
0.0120501009
0.0182977980
0.0419917699
0.0516922520
0.0310146090
0.0522817617
0.0601247091
0.0496038746
0.1110141948
0.1861913258
0.0304737353
0.0334738980
0.0209809761
0.0319066854
0.0328584083
0.0185803136
0.0122420629
0.0102771569
0.1204930375
0.0880566112
0.0745940274
0.0513231798
0.1162638934
0.0947979420
0.1750149826
0.0167606271
0.0107383730
0.0115600117
0.0098432307
0.0146707709
0.0752531208
0.0078221343
0.0079686272
0.0831820258
0.0289022007
0.1399713223
0.1180274881
0.1203109765
0.0611022557
0.0803121719
0.1458742436
0.0307919299
0.0175030998
0.0112253678
0.0306311655
0.0888331332
0.0568590431
0.0367513183
0.0329039680
0.0598201983
0.0848008959
0.1096363004
0.1316166794
0.0916269946
0.0180725939
0.0550829775
0.1397181056
0.0991311781
0.1015078723
0.0471247656
0.0363223288
0.0672710071
0.1119777289
0.0502440456
0.0168076439
0.0313912568
0.0295465743
0.1662427101
0.0849383483
0.0577767484
0.0611669993
0.0493807376
0.0069295912
0.0088537031
0.0020394791
0.0007545290
0.0029347175
0.0082408751
0.0051035452
0.0067304021
0.0058767180
0.0097897276
0.0106226633
0.0053964250
0.0078398387
0.0058908201
0.0364798044
0.0381642404
0.0290041005
0.0030219912
0.0046516679
0.0066395132
0.0085693867
0.0146197929
0.0190367122
0.0155120246
0.0243894691
0.0287424441
0.0242634780
0.0098741454
0.0168238014
0.1384035147
0.1806616590
0.2669676276
0.2197883015
0.2179134652
0.0941729747
0.0571661345
0.0501849215
0.0219625722
0.0176291428
0.0347086987
0.0124312105
0.0070143814
0.0026215322
0.0027744270
0.0106419451
0.0206200991
0.0031369846
0.0030678903
0.0032537222
0.0008381703
0.0019762224
0.0008173285
0.0006626179
0.0025755956
0.0163816305
0.0535659497
0.0748479820
0.2928017977
0.0980350036
0.0994761186
0.0504842201
0.0219941747
0.0844187284
0.0190315877
0.0007211544
0.0021740928
0.0008416943
0.0214005442
0.0723676873
0.0786141205
0.0368171918
0.0588223712
0.0276356322
0.0217104614
0.0449667605
0.0358140702
0.1021643099
0.1590386522
0.1162321616
0.1185459558
0.0988654341
0.0884742099
0.0183366588
0.0196412079
0.0613424189
0.1296329905
0.0955426435
0.0870961937
0.0461461066
0.0576946175
0.1103961761
0.0089713059
0.0380818163
0.0341725981
0.0026108843
0.0013580230
0.0017434278
0.0004810717
0.0010091916
0.0008412176
0.0005024263
0.0004553190
0.0009018675
0.0137429143
0.0037516181
0.0036910297
0.0007910869
0.0010313811
0.0016742092
0.0025992764
0.0025615433
0.0204914071
0.0560358485
0.0784785678
0.0829053877
0.1247062194
0.0561530174
0.0545226620
0.0797940722
0.1832950802
0.0345376425
0.0140965399
0.0123225313
0.0022149336
0.0060588767
0.1539042903
0.0003944159
0.0009224401
0.0011349382
0.0013042661
0.0119231742
0.0070237494
0.0075432086
0.0026967577
0.0031759796
0.0402928608
0.0421409645
0.1394587008
0.2304038244
0.1051192225
0.2735845724
0.0986180966
0.0726086267
0.1379455619
0.0178658418
0.0323359353
0.0269663135
0.0471398153
0.0558536324
0.0457746801
0.0884299276
0.0675640652
0.0402826790
0.0136688560
0.0904024984
0.0779545599
0.0418826805
0.1018935799
0.0906528224
0.0545532362
0.0540362757
0.0193594229
0.0176417462
0.0048453435
0.0066920382
0.0074557800
0.0145877866
0.0492373319
0.0210840810
0.0072125341
0.0540344778
0.1813185996
0.2341862283
0.0210407883
0.0206417333
0.0132436924
0.0967174061
0.1194848817
0.2351702312
0.1571798347
0.0567546182
0.0861327323
0.0496019843
0.0084600109
0.0175034818
0.0235688887
0.0680062307
0.0716825906
0.0177597373
0.3033839962
0.1483740903
0.0364647319
0.0172217518
0.0147942086
0.0114020170
0.0035127584
0.0165109721
0.0255226004
0.0323119839
0.1456729169
0.0518952741
0.0773216600
0.0184260241
0.0051720211
0.0053944118
0.0092403148
0.0261767249
0.0204125727
0.0255474948
0.0811468892
0.1073298548
0.1541020199
0.0827311726
0.0435457753
0.0042247376
0.0042238582
0.0086650913
0.0025824966
0.0069797715
0.0182399305
0.0555100077
0.0188406442
0.0239486242
0.0166302398
0.0156226064
0.0399020826
0.1181033809
0.0781627271
0.0132950942
0.0153790974
0.0294978587
0.0083714539
0.0150965776
0.0254312529
0.1057534889
0.1422907985
0.2022346102
0.1774881353
0.1441527604
0.0590465913
0.0247990535
0.1134840617
0.1810848033
0.0649960167
0.0492477070
0.0484932791
0.0187087350
0.0120797179
0.0131243911
0.0088237060
0.0166347901
0.0069945656
0.0059027021
0.0324346687
0.0310746004
0.0462376570
0.0566904385
0.0469201981
0.0485947396
0.0688281361
0.0600967205
0.0421229495
0.1153358091
0.0581265492
0.0545266695
0.0322962204
0.0669860769
0.0330277428
0.0331204113
0.0671475507
0.0939651114
0.0167697570
0.0180445715
0.0211064497
0.0291522563
0.0033579061
0.0033848946
0.0022812299
0.0023535319
0.0096486013
0.0121479297
0.1434019677
0.1253280066
0.0688445256
0.0294661363
0.0107464089
0.0264413849
0.0505561813
0.0388751445
0.1486712534
0.0468588715
0.0240158232
0.0088284925
0.0081054101
0.0154681103
0.0403061247
0.3764942069
0.0820579208
0.1884199532
0.0478477975
0.0214312802
0.0087754344
0.0160543124
0.0152418768
0.0457408046
0.0129700571
0.0331674046
0.0365379936
0.0565388790
0.0452383394
0.0803587620
0.1018031196
0.0814165147
0.0143844030
0.0152934754
0.0150068173
0.0020120394
0.0591084756
0.0265039788
0.0558763720
0.0388750624
0.0408764077
0.0327781248
0.0560074671
0.0756216848
0.0275212852
0.0453834626
0.0304776181
0.0491411210
0.0881233038
0.1394701077
0.0721585819
0.0624398537
0.0402668678
0.0315621155
0.0131443117
0.0331791993
0.0331010981
0.0403509463
0.0795182949
0.1122587930
0.1218813038
0.1744950421
0.0927876138
0.0473098058
0.0103066509
0.0115938746
0.0052726525
0.0013929408
0.0172843621
0.0270378228
0.0063675070
0.0061314984
0.0120560013
0.0312216270
0.0214748397
0.0392817260
0.0637366878
0.0137873912
0.0230664189
0.0154440737
0.0071927708
0.0140778860
0.0155004978
0.0163229859
0.0096014408
0.0075391451
0.0122606664
0.0825279404
0.1522471060
0.1088130630
0.0842589678
0.1469851407
0.0695910106
0.1462519732
0.1235367347
0.1199774752
0.0383818579
0.0761585278
0.1573934370
0.0989285162
0.0232787301
0.0097970386
0.0353896886
0.1105982650
0.1238719141
0.0863714014
0.0616324746
0.0127484812
0.0095528552
0.0056378122
0.0073467394
0.1090166171
0.0562585952
0.0138895223
0.0087510054
0.1038663814
0.0408545801
0.0324066736
0.0421627328
0.0309900485
0.0281756784
0.0140581696
0.0218857653
0.0119218518
0.0163666786
0.0200185508
0.0537902098
0.0939538262
0.1159894066
0.0028004684
0.0061539780
0.0092024389
0.0056762812
0.0040879959
0.0029321758
0.0042452029
0.0059487375
0.0117865716
0.0315295172
0.0109337648
0.0221313581
0.0175379931
0.1342686718
0.2657407945
0.1144511939
0.0598135424
0.1636672339
0.1396042777
0.0899936561
0.0859874611
0.0625000872
0.0179518824
0.0232268357
0.0218205480
0.1424650553
0.1673962712
0.0121004684
0.0376536159
0.0100681488
0.0056767739
0.0081101220
0.0093325711
0.0108966882
0.0051505210
0.0066820929
0.0054367736
0.1329248975
0.2019439835
0.1433369129
0.0831239490
0.0483858271
0.0403325067
0.0605266816
0.0486365029
0.0269111687
0.0160163245
0.0150040985
0.0995859538
0.1320065624
0.0422676915
0.0692921023
0.0324099048
0.0118316506
0.0101832047
0.0083940564
0.0030024405
0.0022731594
0.0029553397
0.0152587721
0.0214038979
0.0241965054
0.1030350542
0.1431108629
0.0344699373
0.0416650171
0.0367840721
0.0465197556
0.1309149807
0.0843686809
0.0837109795
0.0903836329
0.0761016090
0.0940363607
0.0268285423
0.0488468768
0.0478396011
0.2701643233
0.1000090468
0.0690549211
0.0337151092
0.0071686478
0.0066420008
0.0080177564
0.0063109704
0.0172579147
0.0293302028
0.1205644543
0.0650392139
0.0376785429
0.0691088628
0.0019110763
0.0139051012
0.0229103636
0.0098245872
0.0027510660
0.0073453190
0.0060347823
0.0010640060
0.0016878750
0.0037898554
0.0001525347
0.0002043480
0.0003090429
0.0002153712
0.0020272373
0.0048220441
0.0096080510
0.0096080659
0.0048723638
0.0156857343
0.0089025049
0.0227478878
0.0155240761
0.1030483233
0.0637048148
0.1328859502
0.1176514490
0.0628330620
0.0996407708
0.0740672025
0.0737483473
0.0730597627
0.0504080825
0.0237495872
0.0579204345
0.0291008462
0.0356537596
0.0218508533
0.0122831165
0.0166434799
0.0037387570
0.0087537858
0.0654438995
0.1260699181
0.0365942191
0.0341160507
0.0374037598
0.0669631371
0.0250874304
0.0080048747
0.0102574224
0.0079291722
0.0056380517
0.0082439591
0.0761435967
0.1861282486
0.3561006768
0.0911052422
0.0424502820
0.0537485055
0.0053012358
0.0034410692
0.0023333430
0.0016769022
0.0050786129
0.0059043268
0.0038674474
0.0079396775
0.0046603247
0.0027361770
0.0044312222
0.0032156060
0.0095540163
0.0144401234
0.0398838112
0.0926049551
0.0828830872
0.1202536193
0.0432759181
0.0331072437
0.0269197946
0.0134181002
0.0071504575
0.0129829087
0.0284073163
0.0522624829
0.1578427182
0.1045280470
0.1387901360
0.1496579402
0.0506694776
0.0235333642
0.0082992795
0.0015834076
0.0024198143
0.0018524872
0.0149779259
0.0438857116
0.0376698467
0.0091772172
0.0324438830
0.0623714228
0.0373246012
0.0278488227
0.0222313935
0.0416139995
0.0460386852
0.0523179314
0.1076144361
0.0230944197
0.0284321133
0.0092632707
0.0048006348
0.0038543447
0.0165419293
0.0706796973
0.0248295304
0.0369653140
0.0794253024
0.1293329722
0.0826221436
0.1066816733
0.1451032385
0.1370535901
0.1431243694
0.0833840709
0.0832210525
0.0751639803
0.0503404203
0.0138490025
0.0256259235
0.0339264290
0.0348867763
0.0306879515
0.0518070795
0.0301976550
0.0263585361
0.0268839432
0.0120932975
0.0265481143
0.0592557629
0.0187691271
0.0109993842
0.0188333777
0.0379320168
0.0393680573
0.0841390408
0.0299191932
0.0326737028
0.0092836055
0.0219511595
0.0113566240
0.0347465076
0.0163354569
0.0208240153
0.0277331169
0.0283914003
0.0194267280
0.0386549091
0.0489158270
0.1651595155
0.0413641955
0.0733410658
0.0821080625
0.0524348593
0.0306498330
0.0276121911
0.0126811875
0.0219637712
0.0168746124
0.0071825089
0.0075313549
0.0084967588
0.0027921076
0.0129142232
0.0097185965
0.0371911208
0.0304868107
0.1034794572
0.2181082481
0.3806483801
0.0900635966
0.0362184606
0.0228292801
0.0334327509
0.0122040977
0.0055743296
0.0091379008
0.0083782290
0.0145955643
0.0139936170
0.0134995542
0.0280030356
0.0343835953
0.0431820050
0.0699821804
0.0666386130
0.0323553073
0.3643806577
0.1486719415
0.0895186634
0.0463764700
0.0295077490
0.0394942988
0.0556300891
0.0172791069
0.0215647723
0.0108520108
0.0075047248
0.0041108085
0.0029820420
0.0003500316
0.0004784029
0.0095052791
0.0083382593
0.0083957477
0.0013254946
0.0017664510
0.0403737099
0.0011390270
0.0041502960
0.0043318654
0.0056688535
0.0159418276
0.0956170569
0.1277905537
0.1353359958
0.2815374065
0.2860927955
0.0752877950
0.0164632627
0.1468193792
0.0321859282
0.0177288938
0.0186676016
0.0474655316
0.0118828080
0.0306287538
0.0560246750
0.0494923398
0.0072936822
0.0057089092
0.0058560499
0.0502149584
0.0360313281
0.0354998506
0.0171258063
0.0143680740
0.0472580730
0.0458668178
0.1777724183
0.0829899045
0.0707412925
0.0557036295
0.0572438649
0.0231257924
0.0272672567
0.0177791474
0.0035048150
0.0026469833
0.0025777865
0.0076195975
0.0047623971
0.0022851738
0.0043672966
0.0275098084
0.0171083610
0.0107724957
0.0079463753
0.0533234864
0.0320911676
0.0175833554
0.0081442879
0.0042959251
0.0045745984
0.0040172054
0.0067328056
0.0152560141
0.0254006620
0.0183201825
0.0162535412
0.0045062974
0.0053379709
0.0257074344
0.0377660423
0.1182172361
0.4991144424
0.1684931482
0.0680673921
0.0486582542
0.0229041142
0.0175271988
0.0017538993
0.0012707760
0.0004843306
0.0002664476
0.0003313470
0.0004956024
0.0003664640
0.0011935049
0.0008467551
0.0012778735
0.0028654951
0.0074502680
0.0076762412
0.0475130770
0.0256454683
0.2415792334
0.0078598175
0.0472731012
0.0388905344
0.0338645718
0.0527435392
0.0185171866
0.0188176675
0.0401016701
0.1459922013
0.2918873803
0.0248914300
0.0071471749
0.0225867318
0.0321659949
0.0394424355
0.2876822716
0.0331025921
0.0428894493
0.0971434843
0.3001903774
0.0598442451
0.0212369983
0.0189523848
0.0162795539
0.0130911799
0.0100084883
0.0040933293
0.0368832353
0.0176378188
0.0237948223
0.0448773595
0.0319311905
0.0274658758
0.0572620417
0.1153032987
0.1258002455
0.0891289099
0.0239137120
0.0473031334
0.0704371737
0.0547545185
0.0486828303
0.0728078694
0.1090426248
0.0119578092
0.0195469656
0.0366437666
0.1146036852
0.0437314639
0.0088266573
0.0489751911
0.0457092464
0.0247451997
0.0101074678
0.0249343326
0.0308138089
0.0565227916
0.0398353000
0.0072117022
0.0160350759
0.0232111625
0.0615496243
0.0820557647
0.0481136237
0.0358332179
0.0540777061
0.1106722796
0.0226513785
0.0212058092
0.0598922777
0.0621356318
0.1216034001
0.1209581766
0.0784344329
0.0499106459
0.0147834730
0.0222537230
0.0969977931
0.2699206483
0.0230061993
0.0115324278
0.0030310543
0.0006811047
0.0002188304
0.0002056548
0.0005618694
0.0056062107
0.0101959564
0.0082841455
0.0105911150
0.0765997335
0.1699680885
0.0597256147
0.0656971796
0.0981099650
0.0527054826
0.0284084299
0.0382479437
0.0565020328
0.0718721960
0.0149693846
0.0158461080
0.0187565361
0.0208963818
0.0185328865
0.0587133554
0.0860514057
0.0578094787
0.0640549680
0.0596823465
0.0745589720
0.0549521461
0.0433901455
0.0933236994
0.0310666853
0.0456367068
0.0371703322
0.0278942590
0.0207694351
0.0044484749
0.0033984976
0.0036822692
0.0020175504
0.0014817884
0.0177374664
0.0122866807
0.0088218575
0.0163978543
0.0841404715
0.0358153336
0.1260435938
0.1732464777
0.0663632300
0.1370694703
0.1661121893
0.0158939165
0.0237060331
0.0029812641
0.0083578461
0.0034847588
0.0038447575
0.0032022477
0.0194440098
0.0321170966
0.0351712035
0.0482874247
0.0204219435
0.0064880585
0.0068680791
0.0137348555
0.0596091704
0.1073223046
0.0149456349
0.0522017437
0.0401016965
0.0408798886
0.0303146337
0.0103828440
0.0312698011
0.0180366699
0.0083544964
0.0146925775
0.0471137347
0.0533930140
0.0351781322
0.0194674657
0.0088686668
0.0492382620
0.0509833047
0.0368463206
0.0345152893
0.0823940310
0.1177210458
0.0596075337
0.0736805014
0.0298736974
0.0445839040
0.1491356026
0.1271256813
0.1683773944
0.0502080810
0.0100643451
0.0172807414
0.0906111637
0.0050917877
0.0078717301
0.2058747986
0.0982600244
0.0977625244
0.0089105042
0.0202821336
0.0425093210
0.0359256244
0.0911434432
0.1342423844
0.0739038407
0.0257405368
0.0126936197
0.0149248049
0.0252742778
0.0343620913
0.0096448181
0.0038620323
0.0894063909
0.3399637960
0.0136309687
0.0043501781
0.0132734789
0.0152472132
0.0127375297
0.0089906989
0.0057568280
0.0028244691
0.0113666984
0.0707124702
0.1957412413
0.0608098082
0.0198403082
0.0063001441
0.0016450921
0.0007181251
0.0015174107
0.0007970706
0.0031176055
0.0103036749
0.0584759390
0.0451116681
0.1361729949
0.0698788438
0.0136182033
0.0151302023
0.0179030657
0.0731753420
0.0436821841
0.1289648646
0.0508399656
0.1577859567
0.1140180813
0.0412100685
0.0414282344
0.0243408252
0.0207397541
0.0693142403
0.0131699115
0.0365247010
0.0160103775
0.0142462622
0.0307814528
0.0338935860
0.0433726451
0.0388083091
0.0246955824
0.0090313103
0.0214076120
0.1656448598
0.0227948513
0.0229152250
0.2050331518
0.0677431021
0.0421814736
0.0589204057
0.0305147887
0.0290282555
0.0155526366
0.0160271052
0.0130386840
0.0206119578
0.0280047728
0.2277638037
0.1554529477
0.1770162573
0.0842712739
0.0514085772
0.2934113328
0.1553962441
0.0599353048
0.0450993126
0.0066459447
0.0022707236
0.0031119820
0.0105829155
0.0205997412
0.0075813879
0.0073917419
0.0036607483
0.0299745095
0.0156110916
0.0788343733
0.0569406457
0.0935089987
0.0327513994
0.0107841013
0.0322253573
0.0107285140
0.0503550018
0.0674995159
0.0652808597
0.0671955149
0.1005309707
0.1595530246
0.0520753098
0.0231500615
0.0031288102
0.0021607668
0.0096376063
0.1148212525
0.0372141462
0.0765856698
0.0256591819
0.0067930572
0.0105067328
0.0438642607
0.1100782591
0.1414532750
0.1191465790
0.3690768740
0.1251577388
0.0805800213
0.0882326458
0.0165894162
0.0109976181
0.0038328800
0.0009542630
0.0007109313
0.0339960101
0.0441075386
0.0353172799
0.1793860355
0.0792742682
0.0332351375
0.0432359846
0.0527615639
0.0429460916
0.0962543302
0.0390761417
0.0885277760
0.0913519991
0.1076940180
0.0651815007
0.1682034973
0.2209908594
0.0751202547
0.1074839415
0.0458359675
0.0399790809
0.0355084340
0.0268509026
0.0061263074
0.0140930300
0.0113560210
0.0089955653
0.0091839279
0.0098155083
0.0080550370
0.0499117617
0.0396379657
0.0626231287
0.0653290522
0.0328592882
0.0137215854
0.0213464068
0.0294281897
0.0261005299
0.0337170428
0.0240924600
0.0154766256
0.0203831987
0.0176624392
0.0241792126
0.0260345932
0.0170816188
0.0118546658
0.0150351949
0.0150447213
0.0102835601
0.0173942756
0.0135409441
0.0285754984
0.0116300251
0.0075384546
0.0157538029
0.0144410796
0.0136826314
0.0215397711
0.0539504252
0.0596091175
0.1133839412
0.0616403859
0.0727658411
0.0894640212
0.0360232777
0.0947982181
0.0453457595
0.0712090726
0.0119725153
0.0345622395
0.0124253941
0.0114687583
0.0104406798
0.0096864517
0.0086691460
0.0027235391
0.0126362828
0.0105337314
0.0152418615
0.0071533758
0.0969350500
0.1839249904
0.0985213764
0.0304519324
0.0294203467
0.0222411121
0.0159376291
0.0035681676
0.0010857282
0.0005841525
0.0007184465
0.0176268136
0.1181625169
0.0555903152
0.0557789395
0.0262980588
0.0095260600
0.0202976199
0.0518326143
0.1148271265
0.4749421124
0.1211546352
0.0706684688
0.0710196974
0.0475435993
0.0995804018
0.0401011760
0.0501219485
0.0226801133
0.0665898054
0.1786485888
0.0093878151
0.0006300425
0.0011474675
0.0043028871
0.0043141126
0.0269551104
0.0079248532
0.0028966185
0.0097880606
0.0112860990
0.0267781389
0.0372247872
0.0193314253
0.0717224022
0.0486716428
0.0298139966
0.0226590834
0.0667777125
0.0645103786
0.0447723826
0.0917548786
0.1198622192
0.0748892194
0.0488257695
0.0525816873
0.0353195784
0.0271298133
0.0484334947
0.0243131707
0.0246914205
0.0142310514
0.0244379137
0.0062018498
0.0092863081
0.0117872253
0.0363164646
0.0550238834
0.1027281815
0.0584969932
0.0550188709
0.0522490293
0.0399099216
0.0368701553
0.0155674123
0.0434229671
0.0132899465
0.0066822041
0.0038232395
0.0047324599
0.0302565265
0.1980621470
0.0798561552
0.2264313458
0.1177684878
0.0139831041
0.0076898398
0.0090173403
0.0036722024
0.0018726864
0.0010199046
0.0005017354
0.0010094913
0.0024991723
0.0149328976
0.0459476432
0.0378194885
0.0636377683
0.0612122898
0.0803301353
0.0555866523
0.0603230814
0.0621112343
0.0567060825
0.0477967729
0.1257936369
0.0712172765
0.0724521268
0.0381793482
0.0096847828
0.0107737646
0.0645392213
0.1321818427
0.1305011940
0.2052630740
0.0607684866
0.0500742297
0.0419621554
0.1004673988
0.0873069409
0.1002451978
0.0617796250
0.1927845456
0.0695228218
0.0244304171
0.0030254482
0.0002847538
0.0001484497
0.0012993635
0.0024451538
0.0021464049
0.0070023265
0.0036199577
0.0003091953
0.0003439465
0.0000443111
0.0003752334
0.0003968193
0.0045279663
0.0056288256
0.0032005393
0.0025699463
0.0396092421
0.0553559642
0.0640016414
0.1307827018
0.1697206206
0.0106634968
0.0486035317
0.1062682285
0.0996026480
0.0635198033
0.0671308448
0.0617206184
0.0391687767
0.0204575601
0.1155040874
0.0035483103
0.0079327724
0.0279643182
0.0050166811
0.0034955691
0.0045311051
0.0021681085
0.0758658387
0.0125308709
0.0500839544
0.0333484220
0.1761977533
0.0020101402
0.0014320478
0.0011253367
0.0013201996
0.0031563965
0.0045671183
0.0214191553
0.0273668101
0.1054763764
0.0745040646
0.0740136822
0.1136801807
0.1528753218
0.1200177750
0.0394045666
0.0227596879
0.1033677127
0.1125118944
0.0394549233
0.0386945586
0.0904588270
0.0277235513
0.0307807551
0.0264063990
0.0301560534
0.0307885754
0.0255041015
0.0198089533
0.0142702171
0.0225072207
0.1097485249
0.0685897509
0.0479632040
0.0664030829
0.1452320340
0.1457474268
0.1625897865
0.0317855083
0.0344647873
0.0141417548
0.0032407830
0.0075488313
0.0334187110
0.1370645453
0.0702321880
0.0438862003
0.1004178814
0.0538769820
0.0329552732
0.0428286895
0.0322364324
0.0804878146
0.0840969120
0.0248635250
0.0293372521
0.0100103304
0.0156678356
0.0183218544
0.0205798530
0.0254896260
0.0037233021
0.0067786550
0.0073239473
0.0155158272
0.0098016038
0.0366042262
0.0729721292
0.0233887322
0.0237718054
0.0506278015
0.0688101089
0.1989193142
0.0730782174
0.0373614470
0.0099689494
0.0095721779
0.0115783545
0.0033451868
0.0039912333
0.0033096083
0.0044312097
0.0015625009
0.0032291159
0.0079197958
0.0268322683
0.1845785608
0.1926636874
0.0877635385
0.0847441053
0.0302328588
0.0057702404
0.0032737557
0.0031027290
0.0200598144
0.0108149011
0.0315914270
0.0258003893
0.0034316018
0.0487023452
0.0040288704
0.0110000071
0.0093893242
0.0017981956
0.0070100165
0.2272571285
0.5455841503
0.0850950216
0.1321097715
0.0407196111
0.0163911719
0.0130115697
0.0181538519
0.0112168749
0.0031469105
0.0014944132
0.0019352667
0.0017099462
0.0133657497
0.0026546877
0.0916348323
0.1107322029
0.2136935517
0.3511385425
0.0669936010
0.1200829990
0.0847041294
0.0388343369
0.0439283842
0.1869763240
0.0851649150
0.0371171462
0.0096129173
0.0135098737
0.0504353315
0.0432342369
0.0501164286
0.1396363832
0.1170051889
0.1498100733
0.1209759434
0.0911903250
0.0952240821
0.0757579781
0.1433498035
0.0476836995
0.0380071353
0.0503076816
0.1441171271
0.0521992540
0.0110459674
0.0058914280
0.0028267795
0.0039488170
0.0228891313
0.0636969705
0.0430246825
0.0113742501
0.0057509934
0.0067321049
0.0041613465
0.0036510812
0.0123228715
0.0230897065
0.0250359321
0.0685269536
0.0324342995
0.2201231454
0.2378067791
0.1591157856
0.0866508269
0.0276884341
0.0242496087
0.0215782552
0.0101831768
0.0419965881
0.0168320270
0.0674762920
0.0617588034
0.0213911979
0.0261524270
0.0253964271
0.0178795438
0.0253001824
0.0431885959
0.0492872935
0.0310871677
0.0030975513
0.0039648846
0.0035768865
0.0334683777
0.0045105710
0.0084464334
0.0092764261
0.0283082859
0.0040732595
0.0033546607
0.0188671683
0.0429809095
0.0471094728
0.1025554530
0.2469175232
0.1606229017
0.1382725807
0.0399578202
0.0405661167
0.0381214928
0.0139493039
0.0294761896
0.0115473783
0.0128874789
0.0069180661
0.0415954125
0.0283602200
0.0678724184
0.0470974826
0.0217142245
0.0509649908
0.1067264696
0.0498252258
0.0702672127
0.0697936517
0.0330096130
0.0185483392
0.0227698160
0.0220719832
0.0245861779
0.0447655293
0.1955593772
0.1526960786
0.0502004406
0.0718277922
0.0375774091
0.0191001677
0.0288194312
0.0233309523
0.0289404596
0.0336958146
0.0713559822
0.1787740015
0.0961584754
0.0813768542
0.1550291593
0.1184708224
0.0280136284
0.0607258555
0.1557420401
0.0810016646
0.0550459578
0.0496206609
0.0102451656
0.0168016560
0.0045453317
0.0652926487
0.0249107275
0.0321479709
0.0178766784
0.0417156357
0.0029773263
0.0189519308
0.0075923633
0.0062123764
0.0022572610
0.0026438222
0.0042770998
0.0069451439
0.1228938583
0.0215050473
0.0022331603
0.0015290630
0.0016225632
0.0665120447
0.1172162589
0.0086002811
0.0844614199
0.1049016850
0.0459440967
0.0055462646
0.0112746949
0.0155228207
0.0789888471
0.0922919879
0.1633280226
0.0537613767
0.0751602996
0.1370687094
0.1382263317
0.1522374578
0.0984609006
0.0659966534
0.0246018118
0.0122114647
0.0138290414
0.0572489121
0.0622443401
0.0980818236
0.0990733769
0.0634903325
0.0296687637
0.0587652497
0.0565648155
0.0356729393
0.0337889102
0.0488225147
0.0229399476
0.0093483431
0.0108958684
0.0164535255
0.0061185394
0.0065828746
0.0171952310
0.0282574124
0.0062076773
0.0137351319
0.0119106682
0.0135416172
0.0534547162
0.0742746544
0.0467354941
0.0654566549
0.0805113221
0.0300571913
0.0331978153
0.0475686795
0.0267477784
0.0556955416
0.0389202731
0.0353537098
0.0123441958
0.0114144877
0.0136610158
0.0284467048
0.0663775345
0.1178348332
0.0238022915
0.0166566753
0.0077685320
0.0034211081
0.0059411866
0.0031045999
0.0571634077
0.0325782036
0.3832559077
0.1001633353
0.0499638479
0.0344226821
0.0521539870
0.0912349315
0.0714959406
0.0378778958
0.1668998354
0.0358567014
0.0214805081
0.0181576538
0.0542777358
0.0606696440
0.1967854604
0.0645019447
0.0108334098
0.0277597137
0.0254428696
0.0132518580
0.0113618265
0.0139293933
0.0213061077
0.0354914720
0.0108490417
0.0118611620
0.0842480396
0.2359743320
0.1815409708
0.0977945745
0.0362182222
0.0295709839
0.0333567520
0.0271684701
0.0186645139
0.0200710512
0.0547674669
0.0201346479
0.0328107505
0.0430394305
0.0590169137
0.0932482422
0.1460296329
0.0875087999
0.0343552372
0.0526722243
0.3051849174
0.1183905927
0.0525441317
0.0244123991
0.0308936378
0.0844292658
0.0595402560
0.0011681660
0.0009334115
0.0055021271
0.0024664239
0.0007477361
0.0031724822
0.0127958374
0.0109485491
0.0322568280
0.2409948297
0.0376299961
0.0530706341
0.0691127585
0.1329877147
0.0760050969
0.0388039371
0.0247891337
0.0411901973
0.0134131886
0.0316031920
0.0204571707
0.0097831791
0.0101301230
0.0044701730
0.0109735961
0.0191054453
0.0226614318
0.0381418504
0.0371286816
0.0257230428
0.0627670313
0.0159275276
0.0362966058
0.0655885221
0.0229484420
0.0195964688
0.0125809274
0.0149120160
0.0147496160
0.0302242482
0.1724774634
0.1097144321
0.0996040323
0.1005110085
0.1088289956
0.1077735083
0.0098931487
0.0060898736
0.0042752464
0.0211920297
0.0173506934
0.0372979236
0.0179253026
0.0267834675
0.0378203423
0.1200474669
0.2179554929
0.0656086274
0.0477727807
0.1402639661
0.2599152343
0.0751654520
0.0757567027
0.0330455704
0.0065772185
0.0035047172
0.0079551598
0.0038920778
0.0052954407
0.0042681136
0.0155269702
0.0533454115
0.0039095760
0.0046652376
0.0030160053
0.0161939427
0.0529660739
0.1120544084
0.1433115696
0.0994394562
0.0608158554
0.1009407640
0.0484096079
0.0645482826
0.0607307609
0.1330759260
0.1028362167
0.1140889842
0.0855016973
0.0707319643
0.1039624001
0.1204591952
0.0560566358
0.0487927487
0.0053299226
0.0027861395
0.0015625491
0.0028316336
0.0010265482
0.0085550367
0.0086245358
0.0005825987
0.0004385587
0.0005470786
