> start 0
0.001000  0.001000  0.371003  0.001000  0.001000  0.001000  0.065604  0.036391  
0.248654  0.001000  0.001000  0.001000  0.001000  0.001000  0.990315  0.001000  
0.830176  0.896224  0.956495  0.994389  0.910691  0.800371  0.001000  0.066811  
0.107621  0.001000  0.001000  0.024014  0.001000  0.001453  0.007183  0.001000  
0.167323  0.001000  0.208295  0.045831  0.043496  0.338630  0.001000  0.001000  
0.998705  0.009491  0.367466  0.479507  0.999000  0.937176  0.999000  0.999000  
0.048224  0.001000  0.340127  0.029323  0.001000  0.544255  0.001000  0.001000  
0.001000  0.001000  0.053952  0.001000  0.001000  0.039095  0.001000  0.025608  
0.155968  0.001000  0.001000  0.001000  0.001000  0.001000  0.001000  0.001000  
0.244665  0.001000  0.002611  0.181247  0.012904  0.065294  0.001000  0.001000  
0.001000  0.001000  0.001000  0.001000  0.051537  0.001000  0.001000  0.001000  
0.892181  0.160566  0.001592  0.533352  0.992973  0.292393  0.752684  0.044314  
0.088743  0.001000  0.001000  0.001000  0.001000  0.081446  0.001000  0.001000  
0.999000  0.998663  0.988458  0.997181  0.975924  0.985669  0.999000  0.080771  
0.001000  0.001000  0.001000  0.001000  0.001000  0.087188  0.001000  0.001000  
0.001000  0.001000  0.090395  0.001000  0.001000  0.001000  0.001000  0.001000  
0.001000  0.001000  0.001000  0.001000  0.037203  0.001000  0.001000  0.015740  
0.001000  0.001000  0.001000  0.092632  0.001000  0.001000  0.001000  0.001000  
0.001000  0.025144  0.001000  0.001000  0.001000  0.001000  0.107888  0.001000  
0.032186  0.014089  0.003558  0.004703  0.381694  0.020125  0.001000  0.001000  
0.001000  0.001000  0.001000  0.001000  0.026979  0.001000  0.103394  0.001000  
0.034161  0.034745  0.001000  0.008587  0.001000  0.059208  0.001092  0.017118  
0.001000  0.001000  0.001164  0.001000  0.001000  0.432304  0.001000  0.001037  
0.139404  0.001000  0.001000  0.001000  0.001000  0.001000  0.001000  0.001000  
0.293454  0.001304  0.001000  0.001000  0.001000  0.001000  0.001000  0.018970  
0.999000  0.173480  0.428669  0.507557  0.957496  0.952048  0.131959  0.999000  
0.640828  0.027645  0.079098  0.070724  0.998711  0.838950  0.001000  0.998719  
0.001000  0.604515  0.343949  0.414429  0.001000  0.001105  0.870801  0.001000  
0.999000  0.999000  0.042688  0.886389  0.993461  0.999000  0.325711  0.603933  
0.001000  0.001000  0.088558  0.001000  0.001000  0.001000  0.001000  0.001000  
0.001000  0.001000  0.131007  0.001000  0.001000  0.001000  0.001000  0.001000  
0.001000  0.001000  0.001000  0.001000  0.041999  0.001000  0.109192  0.006447  
0.619099  0.024728  0.001000  0.001000  0.001000  0.001000  0.150620  0.001000  
0.057432  0.001304  0.001000  0.001000  0.004310  0.100801  0.013963  0.001008  
0.001000  0.001000  0.132382  0.001000  0.001000  0.001000  0.001000  0.001000  
0.875242  0.998826  0.988816  0.777177  0.998896  0.999000  0.998892  0.997023  
0.997417  0.999000  0.806121  0.998483  0.886243  0.995301  0.145416  0.271162  
0.065209  0.085415  0.049610  0.001000  0.001000  0.001000  0.001000  0.001000  
0.001000  0.016316  0.033643  0.001000  0.001000  0.001000  0.001000  0.019876  
0.714777  0.191559  0.070628  0.001000  0.001000  0.001000  0.001000  0.001000  
0.001000  0.080231  0.045076  0.146965  0.135363  0.144183  0.908359  0.532130  
0.001000  0.001000  0.001000  0.045617  0.056782  0.001000  0.001000  0.001000  
0.061316  0.006626  0.051220  0.120950  0.039310  0.024034  0.002235  0.001809  
0.001000  0.049457  0.137775  0.001000  0.001000  0.262376  0.004621  0.001000  
0.001000  0.001000  0.001000  0.180642  0.355772  0.001000  0.025054  0.012432  
0.951301  0.539116  0.093761  0.307288  0.161043  0.368134  0.259950  0.103076  
0.996811  0.211849  0.061420  0.001000  0.001000  0.001000  0.001000  0.001000  
0.001000  0.180667  0.007868  0.198381  0.228702  0.217467  0.171362  0.001000  
0.999000  0.999000  0.999000  0.999000  0.993671  0.999000  0.999000  0.913578  
0.001000  0.041220  0.001000  0.001000  0.001000  0.001000  0.051430  0.001000  
0.001000  0.195100  0.001000  0.169773  0.001000  0.001000  0.003131  0.002450  
0.001000  0.001000  0.001000  0.001000  0.001000  0.004117  0.001000  0.057116  
0.001000  0.005147  0.001000  0.082250  0.153465  0.100159  0.099093  0.037683  
0.001083  0.001000  0.002400  0.001000  0.001000  0.055762  0.001000  0.008129  
0.001000  0.001000  0.001000  0.043997  0.012257  0.025077  0.001000  0.094360  
0.029099  0.001000  0.001000  0.001000  0.034382  0.050360  0.001000  0.001000  
0.001000  0.147325  0.001000  0.103958  0.001000  0.001000  0.001000  0.001000  
0.008957  0.066612  0.001000  0.129878  0.001000  0.001000  0.001000  0.251703  
0.999000  0.876272  0.997281  0.784926  0.999000  0.920782  0.999000  0.999000  
0.016531  0.001000  0.001146  0.001000  0.092754  0.001000  0.011172  0.031856  
0.651394  0.010108  0.279273  0.001000  0.552702  0.992263  0.196210  0.001000  
0.001000  0.001000  0.001000  0.001000  0.001000  0.001000  0.148585  0.001000  
0.001000  0.001000  0.001000  0.102626  0.001000  0.010903  0.048263  0.031309  
0.001000  0.001000  0.001000  0.001000  0.150273  0.001000  0.069659  0.001000  
0.069538  0.001000  0.001000  0.001000  0.001000  0.001000  0.073164  0.001000  
0.773372  0.004388  0.256197  0.001000  0.089386  0.999000  0.001000  0.001000  
0.001000  0.001000  0.001000  0.001000  0.001000  0.066354  0.067801  0.001000  
0.021594  0.001000  0.001000  0.001000  0.001000  0.001000  0.001000  0.082844  
0.765351  0.038085  0.576606  0.001240  0.963996  0.999000  0.968052  0.121054  
0.001000  0.001000  0.001000  0.001000  0.629036  0.064898  0.866536  0.001000  
0.001000  0.001000  0.001892  0.001000  0.344460  0.001000  0.520084  0.001000  
0.007674  0.001000  0.005489  0.001000  0.058272  0.001000  0.101269  0.025852  
0.001000  0.001000  0.001000  0.288420  0.001000  0.001000  0.001000  0.137443  
0.878241  0.001000  0.642246  0.001000  0.785502  0.991066  0.735387  0.001000  
0.999000  0.081649  0.998907  0.001000  0.773099  0.971533  0.065325  0.001000  
0.001000  0.533291  0.001000  0.690565  0.005395  0.027670  0.726746  0.820419  
0.342311  0.001000  0.136036  0.001000  0.001000  0.001000  0.001000  0.001000  
0.380977  0.015922  0.001000  0.544429  0.107829  0.041968  0.011408  0.001313  
0.421326  0.042499  0.004965  0.544109  0.449497  0.180840  0.001000  0.019786  
0.098201  0.011075  0.001000  0.023851  0.001000  0.110498  0.749148  0.176713  
0.998482  0.241661  0.999000  0.260716  0.704064  0.460951  0.002244  0.484377  
0.001000  0.179419  0.001000  0.537692  0.062464  0.099420  0.003659  0.008818  
0.002200  0.006271  0.570651  0.059816  0.001298  0.035543  0.159881  0.076821  
0.001000  0.062082  0.001000  0.001000  0.001000  0.050022  0.073531  0.001000  
0.001000  0.001000  0.166609  0.001000  0.001000  0.046530  0.001000  0.001000  
0.001000  0.449039  0.001000  0.381716  0.047983  0.048555  0.064466  0.045747  
0.005230  0.001000  0.001000  0.001000  0.001000  0.001000  0.269092  0.001000  
0.001000  0.001000  0.001000  0.001000  0.024920  0.001000  0.001000  0.154849  
0.072545  0.001000  0.001000  0.057847  0.001000  0.001000  0.001000  0.001000  
0.011015  0.750691  0.511691  0.437275  0.127397  0.001000  0.210219  0.012555  
0.252828  0.001000  0.001000  0.001000  0.093360  0.805294  0.001000  0.021364  
0.996190  0.999000  0.973877  0.919645  0.999000  0.742430  0.999000  0.835858  
0.985597  0.999000  0.988350  0.772259  0.994334  0.009068  0.999000  0.791043  
0.715893  0.904355  0.152803  0.315624  0.116521  0.001000  0.345771  0.109447  
0.001000  0.001000  0.089888  0.001000  0.001000  0.204183  0.001000  0.001000  
0.071806  0.001000  0.001000  0.001246  0.015160  0.017097  0.001000  0.001000  
0.001000  0.001000  0.001000  0.115534  0.011689  0.025609  0.001000  0.001814  
0.001000  0.001000  0.001000  0.202396  0.001000  0.001000  0.185626  0.001000  
0.999000  0.946875  0.129781  0.993481  0.383982  0.334228  0.526228  0.384132  
0.001000  0.001000  0.165145  0.001000  0.001000  0.001000  0.001000  0.001000  
0.001000  0.001000  0.001000  0.109520  0.001000  0.001000  0.001000  0.009165  
0.001000  0.005629  0.276000  0.001000  0.082610  0.074724  0.245077  0.001000  
0.080482  0.001000  0.116113  0.001000  0.001000  0.001000  0.005934  0.001000  
0.001000  0.001000  0.568522  0.001000  0.001000  0.288609  0.001000  0.001000  
0.651650  0.001000  0.001000  0.001000  0.001000  0.001000  0.001000  0.001000  
0.287597  0.001000  0.001000  0.001000  0.001000  0.001000  0.001311  0.001000  
0.921965  0.057888  0.009560  0.040519  0.184130  0.113544  0.015092  0.154210  
0.999000  0.824280  0.716384  0.950255  0.872286  0.981410  0.925806  0.912091  
0.001000  0.004062  0.001000  0.001000  0.001000  0.084445  0.001000  0.001000  
0.001000  0.018888  0.019898  0.001000  0.024348  0.031280  0.001000  0.001000  
0.001000  0.001000  0.067096  0.047490  0.176375  0.010623  0.001000  0.001000  
0.001000  0.001000  0.001000  0.001000  0.079657  0.031376  0.001000  0.001000  
0.547796  0.001000  0.032886  0.014223  0.001000  0.001000  0.292323  0.001000  
0.001000  0.030979  0.011525  0.046729  0.001000  0.001463  0.009230  0.050431  
0.999000  0.008409  0.094747  0.189280  0.053402  0.086889  0.017106  0.149114  
0.001000  0.022330  0.068598  0.001000  0.171996  0.670697  0.212984  0.001000  
0.001000  0.014916  0.004163  0.001000  0.001198  0.088125  0.001000  0.001000  
0.001000  0.001000  0.001000  0.001000  0.001000  0.082165  0.001000  0.001000  
0.274468  0.001000  0.001000  0.001000  0.001000  0.001000  0.001000  0.001000  
0.034867  0.001232  0.907064  0.108901  0.629904  0.942065  0.110309  0.001000  
0.999000  0.746708  0.001000  0.747417  0.050724  0.053586  0.112826  0.498379  
0.001082  0.001382  0.001135  0.097344  0.001000  0.034002  0.014184  0.086093  
0.166158  0.001000  0.001000  0.001822  0.009166  0.093880  0.057016  0.203389  
0.001000  0.001000  0.001000  0.001000  0.001000  0.001000  0.184010  0.001000  
0.071064  0.001000  0.001000  0.001000  0.001000  0.022418  0.001000  0.001000  
0.001000  0.001000  0.001725  0.001000  0.206674  0.903959  0.339448  0.001000  
0.291760  0.031840  0.389848  0.160075  0.950213  0.999000  0.777583  0.001000  
0.001000  0.001000  0.001000  0.001000  0.546864  0.001000  0.001000  0.001000  
0.255224  0.023182  0.001000  0.001000  0.001000  0.215979  0.006766  0.001000  
0.001000  0.001000  0.001000  0.001000  0.001000  0.001000  0.001000  0.098060  
0.001000  0.001000  0.043841  0.001000  0.001000  0.002827  0.498467  0.001000  
0.001000  0.001452  0.001000  0.001000  0.074432  0.001000  0.001000  0.001000  
0.001491  0.001000  0.001000  0.001000  0.001000  0.001000  0.219587  0.001000  
0.309848  0.021357  0.119052  0.001000  0.031694  0.001000  0.003699  0.007137  
0.952418  0.897123  0.969069  0.999000  0.992306  0.955874  0.791557  0.848725  
0.001000  0.040110  0.001000  0.133322  0.001000  0.001000  0.007336  0.135290  
0.001000  0.001000  0.001000  0.194622  0.021080  0.001996  0.001000  0.020604  
0.202290  0.001000  0.001000  0.001000  0.001000  0.001000  0.015609  0.001918  
0.001000  0.120750  0.001000  0.007873  0.001000  0.001000  0.001000  0.024602  
0.001000  0.043243  0.001000  0.005403  0.001000  0.001000  0.001000  0.001000  
0.442547  0.119234  0.990743  0.033365  0.537744  0.997574  0.059174  0.068347  
0.001000  0.001000  0.066679  0.582598  0.112810  0.001000  0.001000  0.001000  
0.001000  0.001000  0.001000  0.001000  0.076906  0.001000  0.001000  0.001000  
0.158289  0.001000  0.095896  0.185272  0.042285  0.073366  0.001000  0.004446  
0.999000  0.976179  0.991350  0.916925  0.999000  0.999000  0.923264  0.225187  
0.001000  0.001000  0.087197  0.001000  0.085090  0.001129  0.001000  0.001000  
0.001000  0.001000  0.001000  0.001000  0.001000  0.046100  0.001000  0.001000  
0.171750  0.160139  0.108994  0.020484  0.079392  0.155868  0.318237  0.435077  
0.001000  0.015290  0.001000  0.001000  0.001000  0.010761  0.001000  0.092521  
0.208538  0.721043  0.995246  0.982972  0.981882  0.969364  0.948604  0.842037  
0.001000  0.001000  0.001000  0.126588  0.095719  0.001000  0.012208  0.002463  
0.041918  0.584538  0.657888  0.979996  0.096031  0.001000  0.201443  0.920459  
0.001000  0.001000  0.131796  0.001000  0.013417  0.001000  0.001000  0.001000  
0.100082  0.001000  0.001000  0.117588  0.001000  0.001000  0.100262  0.005080  
0.001000  0.001000  0.083649  0.001000  0.001000  0.059695  0.085929  0.001583  
0.115244  0.109286  0.007067  0.020390  0.181683  0.001000  0.390923  0.019804  
0.001000  0.001000  0.177274  0.114910  0.001000  0.001000  0.001000  0.186252  
0.001000  0.001000  0.001000  0.001000  0.001000  0.110454  0.001000  0.001000  
0.001000  0.001000  0.158523  0.213741  0.048981  0.001000  0.001000  0.015627  
0.451755  0.001000  0.001000  0.001000  0.001000  0.040958  0.001000  0.001000  
0.001000  0.002072  0.018930  0.001000  0.066311  0.019912  0.001000  0.001000  
0.001000  0.100472  0.001000  0.001000  0.083242  0.001000  0.001000  0.032563  
0.054185  0.001000  0.001000  0.001000  0.001000  0.001000  0.108133  0.001000  
0.001000  0.001000  0.151521  0.001000  0.001000  0.001000  0.001000  0.001000  
0.001000  0.001000  0.001000  0.001000  0.001000  0.328466  0.001000  0.001000  
0.044501  0.001000  0.152012  0.087279  0.049158  0.001000  0.001000  0.001000  
0.001000  0.067920  0.001000  0.014944  0.001000  0.001000  0.001000  0.001000  
0.001000  0.020657  0.059936  0.001000  0.001000  0.001000  0.001000  0.024032  
0.001000  0.001000  0.132285  0.001000  0.001000  0.001000  0.001000  0.021242  
0.001000  0.001000  0.001000  0.001000  0.378581  0.001000  0.001000  0.001000  
0.001000  0.001000  0.001000  0.001000  0.001000  0.041648  0.001000  0.004638  
0.001213  0.001000  0.001000  0.092506  0.225054  0.001000  0.001000  0.001289  
0.546995  0.903270  0.050818  0.001000  0.001146  0.001000  0.001000  0.057661  
0.001000  0.001000  0.001000  0.001000  0.001000  0.043085  0.001000  0.001000  
0.001000  0.011486  0.001000  0.001000  0.208234  0.021738  0.001000  0.001000  
0.999000  0.999000  0.999000  0.913047  0.999000  0.999000  0.999000  0.568872  
0.001436  0.001000  0.076632  0.546315  0.077600  0.001000  0.001000  0.001000  
0.051222  0.002518  0.001000  0.001000  0.073981  0.001000  0.001000  0.001000  
0.027046  0.001000  0.152701  0.050408  0.001000  0.066594  0.001000  0.001000  
0.001000  0.001000  0.001000  0.071317  0.156921  0.001434  0.001000  0.001000  
0.014214  0.001000  0.132190  0.118999  0.077489  0.001000  0.492285  0.102358  
0.001000  0.001000  0.001000  0.724490  0.342103  0.001000  0.001000  0.001000  
0.001000  0.001000  0.527579  0.001000  0.037691  0.001000  0.001000  0.155119  
0.001000  0.001000  0.001000  0.001000  0.001000  0.130137  0.001000  0.001000  
0.001000  0.029051  0.638845  0.905368  0.001000  0.001000  0.001000  0.247040  
0.999000  0.970028  0.508926  0.999000  0.962682  0.999000  0.999000  0.034463  
0.001000  0.001000  0.001000  0.181054  0.001000  0.001000  0.001000  0.001000  
0.001000  0.001000  0.001000  0.634793  0.001000  0.022043  0.001000  0.001000  
0.006535  0.001000  0.001000  0.999000  0.319980  0.895125  0.468932  0.001000  
0.001000  0.001000  0.001000  0.001000  0.151107  0.001000  0.001000  0.001000  
0.001000  0.008055  0.001000  0.004345  0.001000  0.045411  0.158815  0.001000  
0.167890  0.053055  0.001000  0.481988  0.150579  0.001000  0.006069  0.001000  
0.999000  0.991610  0.999000  0.874991  0.852499  0.999000  0.635338  0.759188  
0.999000  0.999000  0.879605  0.707079  0.838893  0.931719  0.793809  0.963951  
0.001312  0.808499  0.001000  0.001000  0.001000  0.001000  0.001000  0.033724  
0.001000  0.001000  0.001000  0.775251  0.001000  0.001000  0.001000  0.001000  
0.017829  0.006722  0.001000  0.999000  0.001000  0.001089  0.263964  0.001000  
0.001359  0.297811  0.376212  0.999000  0.306218  0.001000  0.538092  0.295494  
0.001000  0.001000  0.001000  0.923791  0.002060  0.215224  0.001000  0.019901  
0.001000  0.125696  0.001000  0.001000  0.001000  0.001000  0.001000  0.001000  
0.156237  0.052711  0.125200  0.001000  0.007263  0.809113  0.268488  0.094063  
0.070242  0.071053  0.026734  0.025304  0.103620  0.009993  0.287736  0.120298  
0.001000  0.001000  0.001000  0.922196  0.008305  0.001000  0.001000  0.011241  
0.001000  0.001946  0.001000  0.001000  0.038571  0.020408  0.001000  0.001000  
0.001000  0.001000  0.001000  0.147908  0.001000  0.001000  0.001000  0.001000  
0.002389  0.001000  0.034133  0.007561  0.001000  0.027196  0.002468  0.001000  
0.039453  0.055224  0.529076  0.781808  0.636077  0.823400  0.195377  0.974897  
0.001000  0.001000  0.001000  0.198657  0.042583  0.081214  0.001000  0.125204  
0.001000  0.026600  0.001000  0.001000  0.001000  0.001319  0.041777  0.001000  
0.439503  0.279970  0.001000  0.001000  0.070994  0.001000  0.005563  0.006044  
0.001000  0.086703  0.001000  0.001000  0.001000  0.001000  0.001000  0.001000  
0.999000  0.999000  0.999000  0.999000  0.996343  0.998297  0.207880  0.999000  
0.001000  0.001000  0.047220  0.031370  0.001000  0.001000  0.001000  0.357943  
0.001000  0.057657  0.001000  0.001769  0.001000  0.001000  0.001000  0.001000  
0.093340  0.048349  0.001000  0.001000  0.004075  0.001000  0.021186  0.001000  
0.001000  0.001000  0.044545  0.001000  0.001000  0.006063  0.038725  0.001000  
0.001000  0.073110  0.093130  0.681319  0.001000  0.028663  0.001000  0.404693  
0.999000  0.999000  0.999000  0.999000  0.999000  0.999000  0.537736  0.999000  
0.999000  0.999000  0.999000  0.996947  0.982288  0.579659  0.924871  0.999000  
0.049739  0.031513  0.001000  0.001000  0.001000  0.001000  0.001000  0.001000  
0.001000  0.115069  0.001000  0.006952  0.001000  0.001000  0.001000  0.001000  
0.001000  0.098818  0.175971  0.905195  0.001519  0.072651  0.001000  0.010465  
0.206578  0.230138  0.288321  0.778346  0.030756  0.001000  0.001000  0.001000  
0.259437  0.016453  0.388740  0.342904  0.448714  0.967186  0.817752  0.560186  
0.001000  0.028987  0.051368  0.001000  0.001337  0.001000  0.001281  0.001000  
0.229635  0.287384  0.001000  0.001000  0.001000  0.001000  0.001000  0.004718  
0.001000  0.001000  0.514163  0.063975  0.101840  0.001000  0.109379  0.001204  
0.001000  0.001000  0.567035  0.002178  0.050177  0.001000  0.001000  0.001000  
0.206420  0.002193  0.469349  0.069079  0.020481  0.059330  0.056857  0.001000  
0.001000  0.001000  0.535537  0.005356  0.001000  0.001000  0.039412  0.001000  
0.275030  0.001000  0.001000  0.001000  0.001000  0.001000  0.001000  0.001000  
0.530104  0.001000  0.250092  0.001000  0.001000  0.030274  0.001000  0.019075  
0.056053  0.028230  0.001000  0.001776  0.001000  0.001000  0.001000  0.001000  
0.001000  0.001000  0.001000  0.001000  0.001000  0.034636  0.001000  0.023787  
0.001279  0.001000  0.054391  0.001000  0.006286  0.001000  0.001000  0.119145  
0.001000  0.004950  0.001000  0.743834  0.092323  0.001000  0.001000  0.001000  
0.495947  0.361815  0.005037  0.926167  0.361746  0.178793  0.072009  0.001000  
0.001000  0.033591  0.001000  0.001000  0.001000  0.047634  0.001000  0.001000  
0.001000  0.028037  0.001000  0.001000  0.001000  0.001000  0.001000  0.045336  
0.645712  0.352527  0.035733  0.002256  0.096918  0.334456  0.009194  0.001000  
0.990316  0.951266  0.999000  0.999000  0.999000  0.999000  0.562230  0.899954  
0.001000  0.001000  0.128618  0.156579  0.001000  0.001000  0.002590  0.001000  
0.072335  0.122951  0.001000  0.019033  0.002042  0.001165  0.070637  0.001000  
0.658701  0.118184  0.307152  0.006822  0.268106  0.245606  0.018677  0.384242  
0.001000  0.001000  0.001000  0.290041  0.001000  0.001000  0.001000  0.001000  
0.001000  0.277100  0.033659  0.001000  0.001000  0.001000  0.001000  0.001000  
0.299085  0.001000  0.056485  0.999000  0.001000  0.003347  0.001000  0.001000  
0.513132  0.459587  0.768855  0.109320  0.199766  0.204973  0.045704  0.219006  
0.001000  0.001000  0.001000  0.132718  0.001000  0.001000  0.001000  0.001000  
0.001000  0.001000  0.001000  0.001000  0.090937  0.001000  0.001000  0.001000  
0.001000  0.061014  0.052355  0.033610  0.147872  0.001000  0.001000  0.001000  
0.001000  0.008576  0.003236  0.164405  0.001000  0.001000  0.001000  0.001000  
0.001000  0.067968  0.001000  0.001000  0.001000  0.001000  0.001000  0.001000  
0.224733  0.432762  0.455045  0.017829  0.995682  0.944769  0.646933  0.686686  
0.001000  0.001795  0.001000  0.157355  0.001000  0.098550  0.001000  0.022368  
0.384866  0.069399  0.668715  0.001000  0.396292  0.083744  0.010467  0.005970  
0.001000  0.101857  0.001000  0.001000  0.001000  0.001000  0.001000  0.001000  
0.001000  0.062575  0.001000  0.001000  0.006713  0.001000  0.001000  0.001000  
0.001000  0.023704  0.001000  0.001000  0.001000  0.020298  0.036764  0.001000  
0.001000  0.001000  0.074466  0.004533  0.004778  0.001000  0.001000  0.001000  
0.001000  0.015706  0.032840  0.034202  0.001000  0.001000  0.001000  0.001000  
0.001000  0.001000  0.007733  0.001000  0.001000  0.001000  0.001000  0.090653  
0.999000  0.962533  0.987362  0.999000  0.466968  0.627756  0.844567  0.907975  
0.082866  0.001000  0.001000  0.001000  0.001000  0.051746  0.001000  0.038941  
0.001000  0.065588  0.001222  0.001000  0.001044  0.001000  0.001287  0.001000  
0.001000  0.001000  0.001000  0.050293  0.001000  0.049704  0.001000  0.001000  
0.001000  0.001111  0.001000  0.001000  0.183732  0.001000  0.001000  0.001000  
0.001000  0.120801  0.001000  0.001000  0.065861  0.001000  0.001000  0.001000  
0.001000  0.067005  0.001000  0.001000  0.001000  0.001000  0.001000  0.001000  
0.001000  0.001000  0.020378  0.027652  0.227914  0.001000  0.001000  0.001000  
0.001000  0.019727  0.015448  0.031643  0.001000  0.001315  0.736670  0.001000  
0.001000  0.001000  0.001000  0.001000  0.092016  0.001000  0.001000  0.001000  
0.001000  0.001000  0.389246  0.999000  0.001000  0.001000  0.001000  0.001000  
0.325845  0.001000  0.001000  0.001000  0.001000  0.001000  0.001000  0.001000  
0.001000  0.001000  0.027057  0.847659  0.001000  0.003623  0.001000  0.001000  
0.001714  0.368558  0.145572  0.043388  0.622146  0.041303  0.001000  0.112576  
0.999000  0.134821  0.999000  0.999000  0.969147  0.999000  0.999000  0.999000  
0.999000  0.004680  0.999000  0.999000  0.928939  0.999000  0.343274  0.999000  
0.001000  0.171152  0.001000  0.001925  0.076003  0.001000  0.722508  0.001000  
0.446305  0.001000  0.001000  0.909860  0.001000  0.001000  0.001702  0.001000  
0.949399  0.177031  0.998431  0.912540  0.999000  0.999000  0.999000  0.999000  
0.560134  0.191874  0.825230  0.997288  0.611675  0.828577  0.999000  0.579782  
0.097730  0.062993  0.006241  0.001000  0.002031  0.024139  0.001000  0.536808  
0.398647  0.148292  0.195406  0.022560  0.014181  0.179230  0.001000  0.039058  
0.982294  0.001000  0.062264  0.920921  0.827842  0.999000  0.501126  0.999000  
0.002058  0.001000  0.099850  0.113935  0.001000  0.001000  0.001000  0.001827  
0.063365  0.006233  0.031199  0.001000  0.001000  0.076426  0.056357  0.086973  
0.001000  0.001496  0.640793  0.003677  0.115293  0.001000  0.039217  0.001000  
0.001000  0.030446  0.685230  0.001000  0.123673  0.001000  0.832358  0.001000  
0.001000  0.001000  0.001000  0.001000  0.001000  0.001000  0.001000  0.191146  
0.001000  0.008439  0.001000  0.001000  0.059043  0.001000  0.006622  0.001000  
0.999000  0.259140  0.475790  0.997312  0.999000  0.999000  0.999000  0.789863  
0.062280  0.001000  0.001000  0.303474  0.001000  0.001000  0.001000  0.019856  
0.001000  0.033546  0.032813  0.010879  0.030279  0.001000  0.001000  0.001000  
0.001000  0.001000  0.001000  0.001000  0.001000  0.001000  0.130512  0.001000  
0.001000  0.001000  0.001000  0.001455  0.001000  0.095563  0.001000  0.001000  
0.001000  0.156694  0.055997  0.282590  0.273210  0.829831  0.991866  0.014332  
0.001000  0.065322  0.001000  0.001000  0.001000  0.415195  0.001370  0.001000  
0.242161  0.030006  0.001000  0.059157  0.001000  0.047792  0.001000  0.092162  
0.007097  0.001000  0.060135  0.006880  0.410395  0.001000  0.050289  0.247545  
0.001000  0.001000  0.001000  0.001000  0.106522  0.001000  0.002050  0.001000  
0.001000  0.001000  0.001000  0.001000  0.001000  0.131503  0.001000  0.001000  
0.038551  0.001000  0.159420  0.001000  0.001000  0.048010  0.001000  0.001000  
0.001000  0.001000  0.001000  0.145264  0.033767  0.001497  0.094767  0.001000  
0.117048  0.020128  0.123624  0.002981  0.302933  0.152299  0.731207  0.030628  
0.050665  0.001000  0.001309  0.001000  0.001000  0.001000  0.001000  0.121645  
0.001000  0.001000  0.124012  0.001000  0.001000  0.001000  0.001000  0.001000  
0.004848  0.066003  0.001000  0.001000  0.001000  0.001000  0.001000  0.065147  
0.001000  0.001000  0.192362  0.038443  0.019249  0.249190  0.680165  0.001000  
0.999000  0.529964  0.999000  0.999000  0.999000  0.999000  0.999000  0.999000  
0.999000  0.846477  0.999000  0.998212  0.999000  0.973264  0.998272  0.795579  
0.001000  0.001000  0.190429  0.072027  0.001000  0.001000  0.001000  0.001000  
0.001002  0.001000  0.001000  0.001000  0.045742  0.333679  0.001000  0.001854  
0.122080  0.001000  0.001000  0.001000  0.001000  0.001000  0.001000  0.001000  
0.001000  0.001000  0.001000  0.001000  0.001000  0.001000  0.001000  0.105477  
0.211852  0.001000  0.001000  0.001000  0.001559  0.064373  0.061112  0.001000  
0.001000  0.252440  0.691628  0.001000  0.001000  0.001000  0.713672  0.003414  
0.891682  0.001000  0.001969  0.995823  0.874993  0.996374  0.165473  0.505272  
0.001000  0.001000  0.033046  0.086046  0.062299  0.001000  0.001000  0.268722  
0.001000  0.001033  0.001000  0.031678  0.034969  0.001000  0.001000  0.002152  
0.213295  0.260305  0.938919  0.639651  0.543605  0.933524  0.463597  0.578060  
0.127829  0.063894  0.001000  0.004281  0.002532  0.001237  0.001092  0.001000  
0.001000  0.001000  0.001000  0.164079  0.034451  0.001075  0.001000  0.010520  
0.238180  0.710042  0.997655  0.835575  0.853962  0.998989  0.999000  0.964861  
0.001000  0.058849  0.001000  0.001000  0.062204  0.069914  0.001000  0.001000  
0.075546  0.064520  0.003768  0.001000  0.015188  0.115749  0.052017  0.008141  
0.129797  0.001000  0.001000  0.001000  0.001000  0.001000  0.001000  0.001000  
0.001000  0.756167  0.999000  0.560034  0.981872  0.809329  0.837288  0.939845  
0.001000  0.001000  0.152400  0.001000  0.001000  0.001000  0.189038  0.001000  
0.001000  0.001000  0.037594  0.001000  0.032274  0.001000  0.001000  0.004653  
0.975119  0.001000  0.001000  0.600008  0.001000  0.013602  0.001000  0.099857  
0.364023  0.209562  0.862009  0.887870  0.246345  0.328653  0.669350  0.016362  
0.001000  0.040900  0.001000  0.001000  0.001000  0.001000  0.001566  0.001000  
0.001000  0.016490  0.001000  0.001000  0.001000  0.073030  0.012825  0.001000  
0.001000  0.001000  0.001000  0.001000  0.117575  0.001000  0.001000  0.001000  
0.001000  0.019603  0.001000  0.001000  0.001000  0.155885  0.005519  0.001000  
0.023140  0.014458  0.748155  0.001000  0.001000  0.001000  0.185109  0.001000  
0.001000  0.001000  0.001000  0.025913  0.001000  0.399380  0.001000  0.001000  
0.001000  0.001000  0.001000  0.001000  0.014979  0.068359  0.024178  0.736133  
0.001000  0.001000  0.001000  0.001000  0.001000  0.001000  0.169506  0.001000  
0.217702  0.076283  0.317821  0.001000  0.214200  0.001000  0.388658  0.257682  
0.001000  0.001000  0.010268  0.001000  0.001000  0.969774  0.001000  0.001000  
0.001000  0.001000  0.001000  0.001000  0.001000  0.245104  0.001000  0.001000  
0.001000  0.001000  0.659286  0.001000  0.001000  0.999000  0.001000  0.001000  
0.001000  0.001000  0.001000  0.001000  0.001000  0.001000  0.001000  0.515992  
0.153738  0.019231  0.716788  0.471506  0.001000  0.999000  0.178589  0.001051  
0.001000  0.001000  0.001000  0.001000  0.001000  0.483410  0.001000  0.001000  
0.022355  0.007582  0.818443  0.100026  0.267260  0.999000  0.001000  0.098052  
0.039773  0.039950  0.289857  0.077820  0.001000  0.110940  0.001000  0.193168  
0.001000  0.009992  0.053635  0.001000  0.009759  0.001000  0.417678  0.001000  
0.001000  0.219847  0.001000  0.001000  0.110448  0.001000  0.220445  0.002960  
0.001000  0.001000  0.001000  0.001000  0.029440  0.001000  0.056084  0.001000  
0.021906  0.001000  0.511902  0.182944  0.001000  0.304401  0.169774  0.259637  
0.180814  0.091414  0.521439  0.158617  0.218976  0.340126  0.822284  0.042740  
0.001000  0.002782  0.001000  0.001000  0.001000  0.001000  0.339809  0.591684  
0.001000  0.001000  0.163884  0.001000  0.005276  0.001000  0.591121  0.116748  
0.075165  0.040782  0.189064  0.468684  0.344898  0.787563  0.001000  0.001000  
0.001000  0.001000  0.059060  0.001000  0.001000  0.005432  0.001000  0.108057  
0.001000  0.001000  0.001000  0.001000  0.155192  0.001000  0.224386  0.355505  
0.146600  0.010782  0.002381  0.309879  0.112368  0.012386  0.001000  0.002784  
0.001000  0.001000  0.001000  0.001000  0.001000  0.001000  0.001000  0.699168  
0.996090  0.380842  0.999000  0.255973  0.909956  0.557255  0.998483  0.956143  
0.999000  0.896968  0.999000  0.746548  0.998817  0.807045  0.980775  0.999000  
0.001000  0.001000  0.111350  0.001000  0.001000  0.001000  0.001000  0.001000  
0.927063  0.591418  0.857947  0.001000  0.927421  0.001000  0.991062  0.758536  
0.001000  0.001000  0.001000  0.218001  0.001000  0.001531  0.001000  0.001000  
0.001000  0.001000  0.001000  0.042796  0.001000  0.001000  0.001000  0.001000  
0.001000  0.001000  0.001000  0.086743  0.001000  0.001000  0.001000  0.001000  
0.001000  0.001000  0.001000  0.001000  0.001000  0.001000  0.132267  0.001000  
0.001000  0.004907  0.001000  0.001000  0.060467  0.001000  0.001000  0.088783  
0.001000  0.030967  0.001000  0.001000  0.017535  0.001000  0.001000  0.001000  
0.001000  0.001000  0.001000  0.001000  0.001000  0.001000  0.001000  0.204056  
0.001000  0.412886  0.983333  0.973338  0.121418  0.999000  0.999000  0.998734  
0.066825  0.001000  0.597487  0.057311  0.014309  0.163839  0.988902  0.255498  
0.132502  0.001000  0.001000  0.001000  0.142402  0.001000  0.001000  0.001000  
0.922386  0.003721  0.060780  0.001000  0.001000  0.300885  0.001000  0.261818  
0.001000  0.002033  0.327289  0.035299  0.004637  0.001000  0.001000  0.405856  
0.001041  0.001000  0.044332  0.001000  0.265089  0.001000  0.334540  0.001000  
0.001000  0.064556  0.001000  0.001000  0.063975  0.001287  0.001000  0.001000  
0.999000  0.035168  0.612700  0.001000  0.315575  0.209268  0.002114  0.664364  
0.001000  0.001000  0.001000  0.001000  0.001000  0.001000  0.140125  0.001000  
0.001000  0.001000  0.001000  0.001000  0.001000  0.001000  0.141141  0.001000  
0.001000  0.001000  0.004243  0.001000  0.001000  0.109111  0.001000  0.005788  
0.020540  0.125822  0.013461  0.867657  0.011314  0.366797  0.006159  0.325004  
0.999000  0.573115  0.990944  0.999000  0.834248  0.999000  0.999000  0.999000  
0.001000  0.001000  0.042570  0.319710  0.001000  0.001000  0.008748  0.002112  
0.074442  0.001000  0.001000  0.001000  0.001000  0.033563  0.001000  0.001000  
0.062658  0.001000  0.001000  0.001000  0.375940  0.001000  0.002744  0.001000  
0.111041  0.091115  0.285197  0.329449  0.703389  0.001000  0.190865  0.002782  
0.995897  0.011980  0.001000  0.001000  0.022406  0.855609  0.088105  0.740048  
0.001000  0.001000  0.088217  0.001000  0.001000  0.001000  0.001000  0.001000  
0.030521  0.001000  0.001000  0.001000  0.001000  0.079610  0.001000  0.001000  
0.049996  0.001898  0.001000  0.024145  0.001000  0.001000  0.001000  0.001000  
0.051793  0.001000  0.089237  0.001000  0.001000  0.001000  0.001000  0.001000  
0.414100  0.011782  0.001000  0.001000  0.001000  0.621948  0.001000  0.607559  
0.001000  0.011539  0.056595  0.001000  0.003205  0.002172  0.001000  0.001848  
0.368652  0.001000  0.001000  0.001000  0.037668  0.001000  0.001000  0.021030  
0.001000  0.001000  0.028373  0.031673  0.045453  0.001000  0.001000  0.096898  
0.048184  0.001000  0.001000  0.030687  0.001000  0.001000  0.001000  0.001000  
0.001000  0.007477  0.135812  0.029864  0.001000  0.006294  0.001000  0.001000  
0.001000  0.001000  0.050504  0.001000  0.001000  0.001000  0.005845  0.024225  
0.055454  0.001000  0.001000  0.001000  0.001000  0.001000  0.001000  0.303446  
0.001000  0.001000  0.026175  0.001428  0.002341  0.001000  0.179642  0.001000  
0.001000  0.001000  0.129247  0.001000  0.002537  0.001000  0.049543  0.001000  
0.999000  0.046968  0.305034  0.997297  0.998042  0.975078  0.997208  0.991160  
0.001055  0.009104  0.441812  0.042622  0.172627  0.025516  0.856513  0.999000  
0.001000  0.001000  0.001000  0.001000  0.001000  0.075150  0.001000  0.001000  
0.001000  0.001000  0.001000  0.044843  0.001000  0.001000  0.026779  0.413849  
0.001000  0.001000  0.001000  0.001000  0.001000  0.223805  0.001000  0.001000  
0.999000  0.064632  0.001452  0.943291  0.492748  0.001897  0.380925  0.001657  
0.002066  0.001000  0.001000  0.003626  0.207918  0.996791  0.311624  0.001000  
0.001000  0.001000  0.065099  0.001000  0.001000  0.001000  0.001000  0.001324  
0.001000  0.014919  0.049282  0.001000  0.001000  0.001000  0.001000  0.001000  
0.001000  0.001000  0.001000  0.001000  0.001000  0.036039  0.325199  0.001000  
0.001000  0.001000  0.032386  0.001000  0.001000  0.001000  0.329084  0.001000  
0.001000  0.001000  0.003705  0.091699  0.017445  0.001000  0.001000  0.001000  
0.002328  0.056528  0.001000  0.001000  0.001000  0.001000  0.001000  0.001000  
0.001000  0.001000  0.017146  0.001000  0.001000  0.037125  0.001000  0.014314  
0.630951  0.023523  0.162396  0.992104  0.058660  0.001000  0.001000  0.943696  
0.001000  0.001000  0.001000  0.001000  0.001000  0.073030  0.001000  0.001000  
0.999000  0.997764  0.805959  0.999000  0.858710  0.998531  0.999000  0.968989  
0.005602  0.002140  0.001000  0.001000  0.001000  0.001000  0.999000  0.088387  
0.001000  0.023046  0.039605  0.001000  0.001000  0.001000  0.001000  0.001000  
0.018164  0.001000  0.001000  0.001000  0.049934  0.001000  0.999000  0.069308  
0.001000  0.001000  0.001000  0.002548  0.064920  0.002911  0.314981  0.001000  
0.504186  0.012917  0.001000  0.005394  0.147243  0.332923  0.999000  0.001000  
0.001000  0.001000  0.001000  0.001000  0.001000  0.001000  0.531593  0.001000  
0.053651  0.001000  0.001000  0.001000  0.001000  0.001000  0.361196  0.001000  
0.074290  0.045351  0.001000  0.001000  0.001000  0.001000  0.758554  0.007471  
0.001348  0.029933  0.001000  0.001000  0.001000  0.001000  0.301303  0.001000  
0.001000  0.031267  0.028462  0.001165  0.001000  0.002683  0.001000  0.001000  
0.384157  0.004262  0.001000  0.001000  0.645850  0.001000  0.008002  0.001000  
0.001000  0.001000  0.001000  0.001000  0.001000  0.077115  0.001000  0.001000  
0.001000  0.046517  0.001000  0.001000  0.001000  0.001000  0.997313  0.001000  
0.082241  0.004311  0.001000  0.003653  0.002073  0.123660  0.001000  0.001000  
0.426034  0.066975  0.001000  0.001000  0.232506  0.001000  0.998542  0.001000  
0.714919  0.001161  0.001000  0.421140  0.001511  0.001000  0.001000  0.001000  
0.998872  0.998888  0.936574  0.999000  0.931117  0.998671  0.999000  0.998431  
0.999000  0.882485  0.821814  0.975128  0.999000  0.999000  0.999000  0.999000  
0.041461  0.001000  0.037716  0.001000  0.001000  0.001000  0.001000  0.001000  
0.005426  0.001000  0.001000  0.059512  0.001000  0.001000  0.001000  0.172086  
0.001000  0.001000  0.063030  0.001000  0.001000  0.001000  0.001000  0.001000  
0.001000  0.001000  0.001000  0.001000  0.046535  0.001000  0.076043  0.001000  
0.999000  0.034355  0.001127  0.931447  0.955587  0.941134  0.702740  0.001000  
0.001000  0.001000  0.001000  0.083102  0.001000  0.001000  0.001000  0.001000  
0.065015  0.001000  0.001225  0.002611  0.089875  0.302680  0.122762  0.001000  
0.001000  0.006903  0.001000  0.001000  0.038848  0.001000  0.276819  0.001000  
0.284945  0.239609  0.685298  0.396573  0.003986  0.001000  0.143577  0.002074  
0.045325  0.001318  0.001000  0.033813  0.039906  0.001000  0.006511  0.001000  
0.976343  0.360339  0.899920  0.456901  0.008221  0.418466  0.999000  0.103595  
0.626975  0.010039  0.198827  0.213562  0.004425  0.001000  0.001000  0.115924  
0.001000  0.001000  0.001000  0.001000  0.612622  0.001000  0.001000  0.001000  
0.001000  0.001000  0.001000  0.001000  0.041697  0.045990  0.143153  0.001000  
0.001000  0.001000  0.001000  0.030700  0.029493  0.001000  0.001000  0.353354  
0.892835  0.651023  0.999000  0.932551  0.998624  0.969212  0.938682  0.999000  
0.001000  0.001000  0.001000  0.001000  0.041168  0.001000  0.045761  0.001000  
0.001000  0.122540  0.001000  0.001000  0.054447  0.412079  0.312290  0.001000  
0.001000  0.001000  0.053537  0.001000  0.995955  0.001000  0.001000  0.001000  
0.001000  0.021597  0.001000  0.001000  0.001000  0.425738  0.001000  0.001000  
0.001050  0.014043  0.001000  0.446858  0.001000  0.034716  0.073808  0.393967  
0.352447  0.377942  0.984433  0.766091  0.001000  0.002807  0.084384  0.981981  
0.001000  0.001214  0.001000  0.449683  0.001000  0.560471  0.001000  0.001000  
0.206085  0.558972  0.679564  0.114997  0.882003  0.011900  0.031946  0.330089  
0.001000  0.001000  0.001000  0.001000  0.045546  0.001000  0.081446  0.001000  
0.001000  0.001000  0.001000  0.138705  0.069756  0.001220  0.002805  0.001472  
0.040356  0.001000  0.001000  0.001000  0.001000  0.001000  0.041861  0.001000  
0.020413  0.001000  0.001000  0.001000  0.148680  0.001000  0.028699  0.001000  
0.011732  0.946183  0.999000  0.999000  0.999000  0.999000  0.999000  0.853069  
0.001000  0.001000  0.358156  0.001000  0.001000  0.001000  0.001000  0.025040  
0.001000  0.006219  0.075270  0.001118  0.176668  0.433769  0.953663  0.001000  
0.001512  0.322562  0.001000  0.001000  0.001000  0.001000  0.001000  0.001000  
0.001000  0.001000  0.028089  0.001368  0.076256  0.001000  0.075440  0.001000  
0.001000  0.003713  0.001798  0.001000  0.001000  0.001000  0.033215  0.097086  
0.001000  0.054825  0.001000  0.001000  0.001000  0.001000  0.001000  0.001000  
0.001000  0.001000  0.001000  0.886111  0.001000  0.001000  0.001000  0.001000  
0.001000  0.790726  0.923671  0.001000  0.999000  0.287624  0.977128  0.001000  
0.001000  0.015895  0.058770  0.001000  0.001000  0.001000  0.001213  0.001000  
0.010273  0.999000  0.906514  0.999000  0.999000  0.999000  0.989837  0.001000  
0.001000  0.001000  0.001000  0.001000  0.001000  0.109693  0.001000  0.001000  
0.001000  0.001000  0.001000  0.001000  0.001000  0.386042  0.001000  0.001000  
0.023190  0.028967  0.001000  0.026695  0.001000  0.154271  0.001000  0.001000  
0.001000  0.001000  0.253446  0.001000  0.001000  0.001000  0.001000  0.001000  
0.001000  0.176465  0.236734  0.001000  0.003509  0.001000  0.060452  0.004554  
0.001000  0.082490  0.001000  0.001000  0.001000  0.001000  0.001000  0.001000  
0.183637  0.001000  0.001000  0.001000  0.001000  0.001000  0.001000  0.006734  
0.137681  0.001000  0.001000  0.001000  0.001000  0.001000  0.001000  0.019174  
0.006158  0.237253  0.001000  0.062032  0.001000  0.001436  0.001000  0.001000  
0.074874  0.001000  0.001000  0.001000  0.001000  0.001000  0.001000  0.001000  
0.001000  0.001000  0.042200  0.047939  0.001000  0.001000  0.001000  0.001000  
0.001000  0.818415  0.502364  0.934471  0.999000  0.253253  0.994238  0.001000  
0.074524  0.001000  0.001000  0.001000  0.001000  0.001000  0.001000  0.001000  
0.036434  0.001000  0.001000  0.001000  0.001000  0.001000  0.063964  0.001000  
0.001000  0.001000  0.001000  0.447106  0.001000  0.001000  0.001000  0.001000  
0.565382  0.001000  0.001000  0.965263  0.034368  0.001000  0.001000  0.205931  
0.042197  0.001606  0.001000  0.001000  0.001000  0.001000  0.001000  0.045112  
0.001000  0.001000  0.388280  0.001000  0.001128  0.683625  0.001000  0.001000  
0.001000  0.001000  0.081654  0.003173  0.001000  0.001000  0.001000  0.001000  
0.001000  0.020679  0.001000  0.065886  0.001000  0.001000  0.001000  0.001000  
0.001000  0.001000  0.087116  0.154896  0.001000  0.005765  0.001000  0.001000  
0.606338  0.999000  0.999000  0.999000  0.999000  0.999000  0.978378  0.983261  
0.001000  0.001000  0.040237  0.001000  0.001000  0.090301  0.001000  0.001000  
0.001000  0.002106  0.001000  0.001000  0.846102  0.004628  0.001000  0.001000  
0.001000  0.945572  0.065968  0.996623  0.758182  0.334475  0.676915  0.065813  
0.001000  0.001000  0.079810  0.001000  0.001000  0.001000  0.055591  0.001000  
0.635656  0.218945  0.184378  0.459520  0.001623  0.947405  0.718951  0.930053  
0.001000  0.857029  0.001000  0.592590  0.959122  0.083461  0.001000  0.001000  
0.001000  0.001000  0.956745  0.011539  0.040241  0.079023  0.991928  0.001000  
0.379086  0.994336  0.999000  0.999000  0.999000  0.784764  0.997022  0.383193  
0.283370  0.577983  0.110681  0.216738  0.430975  0.350351  0.001899  0.431630  
0.279681  0.001000  0.115498  0.430352  0.022978  0.001000  0.120490  0.001000  
0.043564  0.001000  0.001000  0.194562  0.001000  0.001000  0.001000  0.001000  
0.990980  0.788041  0.964273  0.292711  0.502336  0.429986  0.052520  0.999000  
0.243917  0.001000  0.010513  0.354935  0.001000  0.001000  0.127690  0.001000  
0.803313  0.001000  0.995320  0.001000  0.001000  0.001000  0.001000  0.654566  
0.647715  0.001000  0.001000  0.001000  0.001000  0.001000  0.001000  0.001000  
0.931119  0.001000  0.001000  0.439296  0.001000  0.001000  0.151266  0.082949  
0.001000  0.001000  0.999000  0.001000  0.001000  0.001000  0.001000  0.001000  
0.999000  0.088016  0.999000  0.900656  0.046636  0.279044  0.999000  0.733494  
0.001000  0.001000  0.306426  0.001000  0.001000  0.001000  0.001000  0.001000  
0.726286  0.710000  0.999000  0.001000  0.677726  0.742996  0.762716  0.453200  
0.001000  0.001000  0.982403  0.811400  0.001000  0.001000  0.001000  0.001000  
0.906499  0.992984  0.997075  0.988632  0.950045  0.839798  0.008574  0.649046  
0.001000  0.021483  0.001000  0.828448  0.001000  0.001000  0.001000  0.001000  
0.256191  0.080385  0.001000  0.228257  0.410437  0.070990  0.055292  0.009705  
0.326937  0.965043  0.914597  0.997332  0.622310  0.112948  0.148322  0.703783  
0.056335  0.842174  0.002308  0.006651  0.001000  0.001000  0.002006  0.001000  
0.979462  0.995747  0.959016  0.690753  0.452688  0.122815  0.153587  0.800423  
0.001000  0.126255  0.001000  0.001000  0.001000  0.001000  0.001000  0.001000  
0.150664  0.010103  0.088486  0.001000  0.151709  0.021300  0.026237  0.016875  
0.001000  0.041784  0.983080  0.001000  0.002259  0.001000  0.001000  0.009195  
0.001000  0.007568  0.001000  0.448050  0.001000  0.001000  0.001000  0.519418  
0.999000  0.999000  0.999000  0.999000  0.999000  0.999000  0.785315  0.999000  
0.001000  0.035774  0.001000  0.001000  0.035301  0.001000  0.001000  0.001000  
0.906289  0.970276  0.970495  0.999000  0.999000  0.672423  0.074536  0.999000  
0.188260  0.001000  0.001000  0.001000  0.001000  0.001000  0.001000  0.001000  
0.005969  0.001000  0.049803  0.001000  0.001000  0.001000  0.001000  0.001000  
0.518090  0.001000  0.001000  0.001000  0.001000  0.001000  0.001000  0.001000  
0.001000  0.202969  0.001000  0.001000  0.001000  0.001000  0.001000  0.001000  
0.001000  0.001000  0.036676  0.001000  0.532439  0.001000  0.002448  0.001000  
0.001000  0.001000  0.001000  0.009851  0.017357  0.279979  0.001000  0.001000  
0.001000  0.026494  0.055462  0.001000  0.001000  0.001000  0.001000  0.001000  
0.001000  0.001000  0.001000  0.172777  0.001000  0.001000  0.001000  0.001000  
0.995902  0.899266  0.213855  0.358707  0.992529  0.999000  0.970252  0.628183  
0.001000  0.001000  0.181164  0.001000  0.001000  0.001000  0.005665  0.001000  
0.999000  0.001000  0.001000  0.705652  0.001000  0.001000  0.001000  0.949342  
0.001000  0.001000  0.910275  0.032750  0.003224  0.018274  0.026919  0.001000  
0.001000  0.057161  0.011938  0.001000  0.001162  0.001000  0.017312  0.001000  
0.001000  0.231640  0.001000  0.001000  0.001000  0.001000  0.001000  0.001000  
0.001000  0.001000  0.001000  0.001000  0.224928  0.001000  0.001000  0.001000  
0.001000  0.001000  0.052155  0.001000  0.001000  0.001000  0.001000  0.001000  
0.999000  0.988836  0.002961  0.710232  0.002705  0.043012  0.049551  0.999000  
0.943577  0.001000  0.001000  0.001000  0.001000  0.001000  0.001000  0.001000  
0.001000  0.001000  0.131929  0.001000  0.001000  0.001000  0.001000  0.001000  
0.093528  0.001000  0.001000  0.001000  0.001000  0.001000  0.001000  0.001000  
0.999000  0.018042  0.996983  0.994223  0.003054  0.001000  0.001000  0.986523  
0.028999  0.001000  0.001000  0.001000  0.001000  0.027124  0.024635  0.001000  
0.001000  0.001000  0.001000  0.166625  0.001000  0.001000  0.001000  0.001000  
0.001000  0.001000  0.001000  0.001000  0.001000  0.001000  0.066872  0.001000  
0.330211  0.763335  0.059476  0.015279  0.729679  0.027552  0.120141  0.013739  
0.001000  0.001000  0.001000  0.001000  0.001030  0.088903  0.001000  0.001000  
0.042939  0.001000  0.001000  0.001000  0.001000  0.003451  0.037459  0.001000  
0.058591  0.001000  0.001000  0.001000  0.015259  0.137086  0.017734  0.008132  
0.033540  0.001000  0.001000  0.329378  0.003037  0.377970  0.021023  0.001000  
0.094068  0.001000  0.001000  0.007032  0.001000  0.001000  0.001000  0.001000  
0.090586  0.009321  0.001000  0.497077  0.001000  0.002352  0.019195  0.001000  
0.001000  0.001000  0.001000  0.001000  0.001000  0.257851  0.001000  0.001000  
0.077599  0.001000  0.001000  0.501258  0.001000  0.001000  0.024402  0.001000  
0.979412  0.977141  0.999000  0.999000  0.990374  0.999000  0.895264  0.961891  
0.001000  0.001000  0.001000  0.250065  0.001000  0.001000  0.001000  0.001000  
0.001000  0.034905  0.001000  0.008433  0.041689  0.001000  0.001000  0.001000  
0.005946  0.505836  0.002486  0.001000  0.001000  0.028221  0.047610  0.013661  
0.001000  0.248238  0.001000  0.001000  0.018501  0.025708  0.001000  0.001000  
0.001000  0.001000  0.051421  0.001000  0.001000  0.001000  0.001000  0.225072  
0.001407  0.129500  0.001000  0.001000  0.060840  0.001000  0.001000  0.001000  
0.001000  0.019436  0.005936  0.001534  0.001000  0.154716  0.001000  0.001000  
0.001000  0.035188  0.001000  0.001000  0.001000  0.001000  0.081117  0.001000  
0.001000  0.001270  0.001000  0.001000  0.088740  0.001000  0.008266  0.001000  
0.320627  0.054753  0.001782  0.001187  0.001253  0.001000  0.035392  0.001000  
0.001372  0.009078  0.001000  0.001000  0.001000  0.001000  0.001000  0.055356  
0.001000  0.042329  0.001000  0.001000  0.036343  0.112211  0.001000  0.001000  
0.061615  0.001000  0.075932  0.001000  0.001000  0.001000  0.001000  0.060917  
0.001000  0.001000  0.001000  0.001000  0.001000  0.219716  0.001000  0.001000  
0.001000  0.188557  0.001000  0.987966  0.242824  0.001000  0.157613  0.001000  
0.001000  0.335246  0.001000  0.001000  0.031660  0.001000  0.001000  0.001000  
0.001000  0.174894  0.001000  0.137774  0.238257  0.001000  0.222548  0.001000  
0.001000  0.001000  0.001000  0.001000  0.136967  0.001000  0.050982  0.001000  
0.002010  0.207830  0.999000  0.050581  0.015009  0.002661  0.001000  0.401602  
0.001000  0.082020  0.001000  0.001000  0.001000  0.001000  0.007694  0.001000  
0.113551  0.063888  0.997276  0.474754  0.001000  0.927124  0.147078  0.577089  
0.001000  0.097990  0.001000  0.288780  0.001000  0.001010  0.001000  0.001000  
0.001000  0.832349  0.962215  0.763616  0.079217  0.920066  0.002445  0.006378  
0.001000  0.193525  0.001000  0.485284  0.001000  0.001000  0.001000  0.001000  
0.002993  0.873948  0.996808  0.998508  0.661221  0.996426  0.194891  0.001000  
0.001000  0.035527  0.015074  0.001000  0.001555  0.001000  0.053914  0.001000  
0.304114  0.999000  0.906318  0.999000  0.999000  0.576997  0.999000  0.811224  
0.686772  0.684603  0.994698  0.713245  0.007513  0.873552  0.269262  0.500233  
0.335080  0.975482  0.922851  0.848065  0.805389  0.548405  0.669976  0.769448  
0.001000  0.114305  0.001000  0.001000  0.001000  0.228164  0.001000  0.001000  
0.001000  0.472892  0.001000  0.769415  0.001000  0.001011  0.001000  0.001000  
0.232500  0.223538  0.996061  0.999000  0.005538  0.605541  0.008807  0.088290  
0.055631  0.504536  0.001000  0.049745  0.603504  0.506717  0.043911  0.310734  
0.419356  0.999000  0.999000  0.999000  0.579915  0.999000  0.186608  0.921986  
0.046175  0.543049  0.999000  0.398730  0.151938  0.200255  0.151470  0.674776  
0.001000  0.001000  0.001000  0.001000  0.203920  0.001000  0.001000  0.074943  
0.025791  0.001000  0.001000  0.023956  0.001000  0.001000  0.027779  0.008360  
0.001000  0.424052  0.998309  0.999000  0.007230  0.081084  0.004572  0.025413  
0.001000  0.220830  0.001000  0.989693  0.001000  0.001000  0.001000  0.001000  
0.058299  0.024922  0.014342  0.019121  0.001000  0.001000  0.001395  0.001000  
0.001000  0.238859  0.001773  0.999000  0.459010  0.503663  0.003832  0.391822  
0.233346  0.432880  0.997380  0.999000  0.432420  0.692836  0.013200  0.410366  
0.459103  0.579088  0.999000  0.634059  0.460357  0.598566  0.538023  0.988888  
0.001753  0.113710  0.001000  0.001000  0.001000  0.001000  0.001000  0.001000  
0.024820  0.001000  0.001000  0.026192  0.001000  0.001000  0.092571  0.001000  
0.001000  0.001000  0.001000  0.001000  0.001000  0.001000  0.196794  0.001000  
0.445901  0.844230  0.979174  0.999000  0.768258  0.999000  0.868993  0.727113  
0.063103  0.460468  0.076516  0.026224  0.002311  0.584928  0.003912  0.064180  
0.268758  0.001000  0.126046  0.010235  0.060701  0.267845  0.032381  0.026653  
0.001000  0.019612  0.001000  0.007040  0.001000  0.003483  0.051850  0.005740  
0.001903  0.837006  0.001000  0.836589  0.990135  0.993846  0.999000  0.999000  
0.311628  0.999000  0.897398  0.838122  0.999000  0.999000  0.999000  0.999000  
0.001000  0.998207  0.082359  0.001754  0.964113  0.001000  0.001000  0.001000  
0.001433  0.023147  0.001000  0.321100  0.259329  0.178353  0.863960  0.001000  
0.001000  0.001000  0.001000  0.185782  0.001000  0.001000  0.102937  0.001000  
0.999000  0.999000  0.994602  0.953680  0.981054  0.773371  0.950375  0.001000  
0.001000  0.001000  0.001000  0.076134  0.001000  0.450579  0.001000  0.001000  
0.001000  0.010170  0.001000  0.098567  0.001000  0.001983  0.021157  0.001000  
0.999000  0.999000  0.999000  0.145873  0.937445  0.002522  0.028685  0.001000  
0.022724  0.023465  0.005986  0.695661  0.026649  0.599821  0.975061  0.001147  
0.001000  0.001000  0.005223  0.078204  0.001000  0.002931  0.001000  0.017667  
0.233309  0.972463  0.988693  0.233577  0.997081  0.999000  0.963684  0.999000  
0.094582  0.001000  0.001000  0.302130  0.001000  0.013427  0.290737  0.001000  
0.001000  0.001000  0.004919  0.001076  0.001000  0.903641  0.010299  0.001000  
0.001000  0.017177  0.799418  0.001000  0.001000  0.001000  0.001000  0.001000  
0.629246  0.999000  0.088282  0.999000  0.999000  0.999000  0.992392  0.180954  
0.001566  0.001000  0.016845  0.567244  0.931146  0.001000  0.151778  0.001000  
0.001000  0.005502  0.023260  0.074621  0.001000  0.142823  0.726585  0.001000  
0.681774  0.028388  0.001000  0.001000  0.006257  0.001000  0.001000  0.001000  
0.005230  0.936570  0.117706  0.914174  0.001225  0.442498  0.383755  0.001000  
0.786352  0.002876  0.003406  0.001000  0.001000  0.001000  0.001000  0.646776  
0.076551  0.001000  0.001000  0.001000  0.992324  0.001000  0.001000  0.001000  
0.437771  0.998090  0.196482  0.916761  0.997374  0.097090  0.493140  0.813540  
0.999000  0.999000  0.903326  0.999000  0.999000  0.999000  0.999000  0.999000  
0.001000  0.001000  0.001000  0.001000  0.001000  0.001000  0.001000  0.068935  
0.001000  0.001000  0.001000  0.884688  0.001000  0.009549  0.017593  0.001000  
0.001000  0.001000  0.001000  0.001000  0.001000  0.001000  0.143227  0.001000  
0.005413  0.001000  0.001000  0.001000  0.511133  0.001000  0.001000  0.001000  
0.996007  0.995881  0.139789  0.929690  0.001000  0.468301  0.122029  0.967223  
0.001000  0.994809  0.001000  0.966851  0.001000  0.032650  0.656805  0.001000  
0.087424  0.267900  0.104053  0.094938  0.217584  0.002011  0.246142  0.382258  
0.001000  0.027264  0.001000  0.488535  0.005032  0.034000  0.023999  0.033111  
0.001000  0.941065  0.001000  0.001000  0.050351  0.001000  0.176692  0.001000  
0.158334  0.001000  0.050155  0.155167  0.004322  0.001000  0.001000  0.044348  
0.001000  0.001000  0.001000  0.001000  0.001000  0.001000  0.001000  0.106608  
0.001000  0.027164  0.001000  0.001000  0.001000  0.001307  0.669951  0.001000  
0.266965  0.001000  0.001000  0.001000  0.007983  0.054113  0.001000  0.001000  
0.242501  0.001000  0.001000  0.999000  0.001000  0.016995  0.784504  0.999000  
0.001000  0.001000  0.195575  0.001000  0.001000  0.001000  0.001000  0.001000  
0.001000  0.001000  0.001000  0.001000  0.083413  0.001000  0.001000  0.001000  
0.001000  0.970186  0.091551  0.166723  0.144099  0.001000  0.001000  0.001000  
0.646927  0.001000  0.001000  0.001000  0.001000  0.110932  0.001000  0.002224  
0.001000  0.140847  0.001000  0.001000  0.001000  0.004829  0.001000  0.001000  
0.001000  0.001000  0.001000  0.162437  0.001000  0.007217  0.001000  0.001000  
0.001000  0.001000  0.001000  0.001000  0.001000  0.123321  0.001000  0.001000  
0.789414  0.014374  0.013167  0.223257  0.001000  0.263970  0.997276  0.963241  
0.002927  0.957920  0.023644  0.781192  0.999000  0.112743  0.001000  0.001000  
0.001000  0.031944  0.001000  0.001000  0.035495  0.001000  0.001000  0.001000  
0.010336  0.001000  0.006490  0.001000  0.001000  0.001000  0.001000  0.057330  
0.954308  0.999000  0.979210  0.999000  0.999000  0.999000  0.999000  0.999000  
0.001000  0.001000  0.001000  0.001000  0.001000  0.001000  0.528183  0.001000  
0.001000  0.001000  0.001000  0.197926  0.326999  0.001000  0.001000  0.001000  
0.001000  0.001000  0.001000  0.001000  0.001000  0.151488  0.227144  0.001000  
0.001000  0.001000  0.001000  0.001000  0.111172  0.001000  0.001000  0.001000  
0.008260  0.711327  0.539353  0.602373  0.999000  0.001000  0.999000  0.968482  
0.001000  0.146989  0.001000  0.224116  0.998360  0.001000  0.143153  0.198271  
0.147296  0.539032  0.238336  0.345144  0.271311  0.814418  0.001000  0.001000  
0.678545  0.015476  0.083476  0.454154  0.125592  0.360607  0.001089  0.074748  
0.001000  0.001000  0.003606  0.409104  0.001000  0.003895  0.063816  0.001000  
0.001000  0.001000  0.001000  0.077222  0.015382  0.001000  0.001000  0.001000  
0.798852  0.689344  0.015674  0.995204  0.738443  0.999000  0.999000  0.999000  
0.001000  0.099711  0.059679  0.001238  0.029257  0.001000  0.198748  0.159507  
0.001000  0.800541  0.001000  0.001000  0.723028  0.501300  0.998861  0.999000  
0.942424  0.999000  0.958353  0.999000  0.999000  0.999000  0.966495  0.999000  
0.001000  0.071818  0.097019  0.001000  0.029752  0.001000  0.001000  0.001000  
0.001000  0.001000  0.001000  0.001000  0.001000  0.001000  0.223517  0.978586  
0.001000  0.034741  0.001000  0.021951  0.001000  0.001000  0.006661  0.001000  
0.755757  0.001000  0.016349  0.999000  0.001000  0.887929  0.338739  0.992629  
0.001000  0.001000  0.001000  0.001000  0.001000  0.205825  0.001000  0.001000  
0.001000  0.001388  0.001000  0.015673  0.111515  0.137269  0.001000  0.001000  
0.001000  0.001000  0.001000  0.001000  0.001000  0.113624  0.004408  0.148082  
0.256473  0.001000  0.001000  0.001000  0.001000  0.001000  0.001000  0.001000  
0.001000  0.015222  0.001000  0.001000  0.018781  0.001000  0.051175  0.001000  
0.001000  0.001000  0.001000  0.001000  0.001000  0.710111  0.182895  0.001000  
0.833544  0.863680  0.962241  0.999000  0.952557  0.001000  0.311086  0.648689  
0.074516  0.001000  0.006335  0.040453  0.001000  0.001000  0.001000  0.035135  
0.880249  0.973247  0.368916  0.999000  0.999000  0.180980  0.999000  0.367324  
0.001000  0.001000  0.001000  0.001000  0.001000  0.001000  0.001000  0.300166  
0.001000  0.001000  0.001000  0.045739  0.001000  0.001000  0.001000  0.521850  
0.059902  0.001467  0.001000  0.001000  0.001000  0.113938  0.001000  0.001000  
0.002623  0.001000  0.031705  0.390043  0.058818  0.001000  0.267712  0.999000  
0.001030  0.025343  0.026438  0.001000  0.001000  0.001000  0.001000  0.001000  
0.001000  0.035684  0.001000  0.001000  0.001000  0.001000  0.034446  0.001000  
0.005421  0.001000  0.019673  0.182755  0.001000  0.001000  0.001000  0.001000  
0.999000  0.965210  0.876545  0.999000  0.999000  0.999000  0.999000  0.997779  
0.001000  0.051533  0.001000  0.001000  0.001000  0.001000  0.001000  0.001000  
0.001000  0.051565  0.001000  0.001000  0.001000  0.001000  0.001000  0.001000  
0.001000  0.541322  0.001000  0.007379  0.247959  0.062024  0.001000  0.001000  
0.001000  0.001000  0.001000  0.001000  0.001000  0.226809  0.001000  0.001000  
0.001000  0.001000  0.001000  0.073835  0.242459  0.001000  0.001000  0.001000  
0.001000  0.001000  0.026803  0.001000  0.001000  0.001000  0.055359  0.001000  
0.001000  0.027631  0.001000  0.001000  0.001000  0.001000  0.106750  0.001000  
0.001000  0.001000  0.001000  0.001000  0.065633  0.001000  0.001000  0.001000  
0.001000  0.001000  0.134442  0.001000  0.001000  0.001000  0.001000  0.001000  
0.001000  0.001096  0.003055  0.001000  0.021383  0.001000  0.067132  0.001000  
0.132643  0.001000  0.044230  0.001000  0.001300  0.006280  0.001000  0.001000  
0.003241  0.001000  0.052613  0.001000  0.001000  0.001000  0.001000  0.001000  
0.001000  0.092815  0.001000  0.001000  0.013089  0.001000  0.001000  0.001000  
0.001000  0.082191  0.001000  0.001000  0.001000  0.001000  0.001000  0.054022  
0.001000  0.001000  0.056957  0.001000  0.001000  0.001000  0.001000  0.001000  
0.001000  0.065819  0.011540  0.001000  0.001000  0.001000  0.001000  0.001000  
0.001000  0.170968  0.001000  0.014180  0.001000  0.001000  0.001000  0.001000  
0.001000  0.049212  0.001327  0.001000  0.001000  0.001000  0.001000  0.001000  
0.002960  0.001000  0.001000  0.083761  0.122233  0.356059  0.001000  0.001000  
0.001000  0.038097  0.001000  0.001518  0.001000  0.001000  0.024427  0.001000  
0.001000  0.004566  0.001000  0.054345  0.019629  0.001000  0.071339  0.407940  
0.002589  0.001000  0.102516  0.004790  0.002410  0.017647  0.001000  0.001000  
0.584601  0.013178  0.152955  0.849173  0.334552  0.996467  0.001000  0.001000  
0.001000  0.001000  0.001000  0.306394  0.196971  0.572181  0.001000  0.001000  
0.001000  0.450888  0.005645  0.113667  0.101927  0.001000  0.001000  0.001000  
0.001000  0.001000  0.001000  0.001000  0.001000  0.183163  0.001000  0.136093  
0.001000  0.001000  0.523011  0.001000  0.655043  0.001000  0.043818  0.022926  
0.001000  0.001000  0.001000  0.120871  0.001000  0.001000  0.001000  0.001000  
0.001000  0.999000  0.631132  0.999000  0.617619  0.001000  0.999000  0.819923  
0.001000  0.999000  0.085362  0.999000  0.001000  0.001000  0.937658  0.768417  
0.001000  0.216325  0.006467  0.006373  0.001000  0.001000  0.001000  0.001000  
0.001000  0.001000  0.083840  0.001000  0.666497  0.001000  0.001000  0.001000  
0.248193  0.478583  0.490808  0.961695  0.705027  0.703719  0.870710  0.044238  
0.007290  0.289497  0.340681  0.582558  0.801471  0.033560  0.808634  0.834340  
0.046441  0.001000  0.429094  0.378343  0.999000  0.847790  0.146992  0.439804  
0.001000  0.001000  0.008630  0.001000  0.029096  0.781356  0.001000  0.100491  
0.001000  0.179529  0.001000  0.002012  0.027991  0.099318  0.010664  0.001000  
0.124158  0.703199  0.722955  0.998336  0.967058  0.985368  0.998898  0.999000  
0.001000  0.001000  0.001000  0.001478  0.058533  0.001000  0.001000  0.200960  
0.124151  0.185119  0.161885  0.444042  0.001000  0.001000  0.362532  0.001000  
0.001000  0.040230  0.001000  0.269813  0.001000  0.001000  0.201693  0.001000  
0.001000  0.001000  0.203912  0.024458  0.002626  0.047769  0.030178  0.001000  
0.001000  0.862874  0.033822  0.160249  0.459198  0.992801  0.004001  0.736613  
0.001000  0.006474  0.010961  0.002881  0.001000  0.525912  0.001000  0.047854  
0.073853  0.001000  0.016961  0.001000  0.001000  0.001000  0.002475  0.001000  
0.037035  0.002156  0.001000  0.270328  0.001000  0.001000  0.001000  0.483554  
0.001000  0.045434  0.001000  0.001000  0.001000  0.059464  0.232705  0.002696  
0.003072  0.031235  0.001000  0.001000  0.075473  0.001000  0.005205  0.067693  
0.002041  0.173993  0.002929  0.122124  0.265082  0.340539  0.001000  0.007956  
0.001000  0.036677  0.003339  0.001000  0.098600  0.001000  0.001000  0.001000  
0.001000  0.346855  0.002162  0.014767  0.001000  0.001000  0.001000  0.001000  
0.003039  0.363498  0.727499  0.374272  0.834038  0.564229  0.446200  0.218310  
0.290758  0.001000  0.001000  0.001000  0.001000  0.001000  0.001000  0.001227  
0.001000  0.001000  0.001000  0.001000  0.001000  0.001000  0.001000  0.215969  
0.085645  0.001000  0.001000  0.010115  0.001000  0.001958  0.264323  0.562806  
0.001000  0.001000  0.037191  0.054485  0.001000  0.001793  0.001000  0.001000  
0.001000  0.001000  0.001000  0.001000  0.001000  0.138649  0.001000  0.001000  
0.001000  0.001000  0.077593  0.001000  0.001000  0.001000  0.001000  0.001000  
0.001000  0.002569  0.568950  0.381867  0.999000  0.006588  0.001000  0.983187  
0.001000  0.001000  0.001000  0.161726  0.001000  0.001000  0.001000  0.001000  
0.001000  0.061772  0.003814  0.110550  0.317192  0.001000  0.001000  0.001000  
0.035626  0.001000  0.001000  0.001000  0.001000  0.054121  0.001000  0.001000  
0.001000  0.128603  0.001000  0.001000  0.001000  0.005943  0.199642  0.007365  
0.001000  0.001000  0.001000  0.001083  0.034916  0.001000  0.001000  0.126670  
0.001000  0.001000  0.001000  0.007439  0.001000  0.001000  0.001000  0.510851  
0.001000  0.031804  0.001000  0.001000  0.003867  0.042073  0.001000  0.001000  
0.979439  0.999000  0.963832  0.823108  0.780818  0.999000  0.999000  0.615406  
0.001000  0.001000  0.001000  0.052965  0.001000  0.001000  0.051500  0.001000  
0.080815  0.083600  0.001000  0.001000  0.001000  0.060512  0.112110  0.001000  
0.014296  0.024010  0.001000  0.001000  0.001810  0.001000  0.001000  0.037827  
0.001000  0.025946  0.001000  0.001000  0.001000  0.001000  0.050646  0.001000  
0.005127  0.046458  0.001000  0.001000  0.001000  0.001000  0.001000  0.001000  
0.010620  0.007783  0.138649  0.411262  0.001000  0.002032  0.001063  0.001000  
0.001000  0.231178  0.001000  0.001000  0.001000  0.140337  0.001000  0.001000  
0.169425  0.001000  0.054199  0.001000  0.044724  0.012364  0.321420  0.001137  
0.001000  0.102588  0.001000  0.001000  0.001000  0.001000  0.001000  0.001000  
0.001000  0.001000  0.001000  0.001000  0.001000  0.001000  0.001000  0.144739  
0.001000  0.001000  0.001000  0.103453  0.001000  0.001000  0.001000  0.001000  
0.001000  0.001000  0.001000  0.001000  0.249285  0.001000  0.001000  0.001000  
0.001000  0.025727  0.001000  0.001000  0.001000  0.200375  0.168214  0.001000  
0.001000  0.001000  0.001000  0.045396  0.001000  0.001000  0.058499  0.001000  
0.999000  0.997910  0.971302  0.999000  0.953953  0.999000  0.999000  0.966302  
0.035843  0.058756  0.001000  0.058035  0.001000  0.015847  0.412883  0.001000  
0.001000  0.001000  0.102441  0.001000  0.147289  0.076161  0.069952  0.001000  
0.001000  0.033959  0.039651  0.001328  0.001000  0.001000  0.001000  0.001000  
0.002808  0.001000  0.001000  0.056661  0.001000  0.001000  0.031174  0.003520  
0.001000  0.353095  0.001000  0.063911  0.001000  0.001000  0.001000  0.001000  
0.001000  0.680610  0.048851  0.939757  0.005105  0.001907  0.400614  0.001000  
0.001478  0.012030  0.167839  0.051398  0.936936  0.937231  0.082370  0.010901  
0.113751  0.897878  0.324761  0.999000  0.897901  0.987873  0.971852  0.999000  
0.001000  0.052882  0.002843  0.001000  0.001004  0.003003  0.001000  0.991730  
0.067879  0.001000  0.018111  0.001000  0.052884  0.071431  0.001000  0.001000  
0.001000  0.001000  0.001000  0.001000  0.035340  0.001000  0.064345  0.001000  
0.007870  0.105784  0.125236  0.001298  0.270163  0.404869  0.423095  0.131103  
0.001000  0.119926  0.001114  0.135514  0.001176  0.001000  0.274533  0.083791  
0.001000  0.066539  0.007748  0.825962  0.001000  0.001000  0.130334  0.001000  
0.001000  0.001000  0.001000  0.001000  0.010015  0.041436  0.001000  0.035713  
0.999000  0.999000  0.904586  0.988623  0.313685  0.869175  0.829133  0.956362  
0.002982  0.543174  0.001000  0.005428  0.001000  0.001000  0.001000  0.001000  
0.001000  0.001000  0.042951  0.001000  0.001000  0.001490  0.001000  0.435741  
0.001229  0.001000  0.001308  0.148620  0.001000  0.001000  0.001000  0.001000  
0.388556  0.944702  0.793810  0.953212  0.937028  0.998136  0.993838  0.999000  
0.516200  0.334483  0.518479  0.246932  0.010786  0.093031  0.353750  0.898911  
0.107028  0.001000  0.001000  0.005676  0.001155  0.004947  0.307514  0.001000  
0.001000  0.001000  0.001000  0.153946  0.001000  0.001000  0.001000  0.039633  
0.110261  0.001812  0.034640  0.120051  0.036492  0.001000  0.010257  0.004359  
0.001000  0.001000  0.001000  0.102882  0.001000  0.001000  0.001000  0.001000  
0.001000  0.702703  0.002099  0.998921  0.659945  0.791438  0.732553  0.001000  
0.001000  0.001000  0.001000  0.319158  0.002875  0.843705  0.001000  0.001000  
0.706845  0.001000  0.118803  0.001000  0.108952  0.073846  0.001000  0.999000  
0.913773  0.001000  0.004489  0.001000  0.190223  0.032887  0.962730  0.998730  
0.999000  0.079069  0.998208  0.999000  0.999000  0.999000  0.999000  0.999000  
0.001000  0.001000  0.001000  0.001000  0.157765  0.105643  0.001000  0.001000  
0.001000  0.001000  0.001000  0.305860  0.001000  0.001000  0.001000  0.001000  
0.001000  0.001000  0.001000  0.259918  0.444238  0.001000  0.205211  0.001000  
0.261229  0.990763  0.001000  0.999000  0.960717  0.974480  0.810980  0.001000  
0.001000  0.001000  0.999000  0.680053  0.277529  0.843384  0.001000  0.369848  
0.430079  0.001000  0.001000  0.001000  0.001000  0.001000  0.001000  0.607505  
0.904396  0.001000  0.001000  0.999000  0.695145  0.805350  0.846999  0.885547  
0.004986  0.001117  0.078254  0.336801  0.285981  0.269929  0.001000  0.170946  
0.999000  0.999000  0.041398  0.999000  0.999000  0.999000  0.999000  0.999000  
0.015606  0.001000  0.001057  0.001000  0.031721  0.170565  0.001000  0.001000  
0.001000  0.001000  0.001000  0.001000  0.062685  0.001000  0.001000  0.001000  
0.001000  0.001000  0.999000  0.017034  0.141131  0.779712  0.001000  0.001000  
0.001000  0.002854  0.996588  0.672579  0.723903  0.956381  0.007641  0.001000  
0.001000  0.001000  0.001000  0.001000  0.001000  0.001000  0.001000  0.288258  
0.001000  0.005509  0.001000  0.487772  0.026576  0.772370  0.001182  0.048291  
0.999000  0.999000  0.921379  0.999000  0.999000  0.999000  0.999000  0.999000  
0.160627  0.008275  0.001000  0.001000  0.033746  0.001000  0.001000  0.124257  
0.999000  0.003242  0.926383  0.641733  0.452321  0.917890  0.450768  0.999000  
0.020797  0.001000  0.001000  0.001000  0.001000  0.001000  0.001000  0.228513  
0.001000  0.001000  0.004676  0.244052  0.001000  0.001000  0.001000  0.001000  
0.020852  0.001000  0.001000  0.001000  0.001000  0.047261  0.001000  0.007879  
0.999000  0.993826  0.850578  0.999000  0.999000  0.999000  0.999000  0.999000  
0.001000  0.001000  0.377601  0.001000  0.001000  0.001000  0.001000  0.001000  
0.001000  0.001397  0.002364  0.262687  0.001000  0.032736  0.001000  0.001000  
0.001000  0.216773  0.001000  0.001000  0.001000  0.001000  0.001000  0.001000  
0.999000  0.001000  0.001000  0.844549  0.964778  0.070879  0.862386  0.001000  
0.001000  0.953445  0.859893  0.554695  0.996377  0.938741  0.026779  0.964842  
0.001000  0.001000  0.452525  0.001000  0.001000  0.001000  0.671797  0.147038  
0.981280  0.042745  0.895337  0.347810  0.999000  0.997700  0.734240  0.125185  
0.989552  0.999000  0.999000  0.626995  0.999000  0.999000  0.609880  0.998279  
0.999000  0.001000  0.391628  0.001000  0.001000  0.062770  0.001000  0.001000  
0.137315  0.001000  0.001000  0.001000  0.001000  0.001000  0.001000  0.001000  
0.863572  0.967052  0.497836  0.001000  0.956314  0.030446  0.152496  0.001000  
0.001000  0.001000  0.118188  0.001000  0.001000  0.001422  0.001000  0.001000  
0.999000  0.875316  0.953791  0.160757  0.009466  0.984224  0.849395  0.001000  
0.094606  0.001000  0.001033  0.293557  0.001269  0.020246  0.001038  0.001730  
0.001000  0.055451  0.001000  0.001000  0.001000  0.001000  0.001000  0.001000  
0.065661  0.001000  0.001000  0.001000  0.003377  0.001000  0.001000  0.001000  
0.001000  0.885612  0.001000  0.001100  0.995904  0.001000  0.235457  0.001000  
0.378912  0.001000  0.001000  0.001000  0.001000  0.001000  0.001000  0.001000  
0.001000  0.967352  0.135632  0.677720  0.996987  0.860120  0.031999  0.129526  
0.001000  0.001000  0.001000  0.038650  0.001000  0.002265  0.001000  0.001000  
0.999000  0.999000  0.290921  0.999000  0.999000  0.999000  0.414091  0.021398  
0.033917  0.001000  0.001000  0.001000  0.001000  0.001000  0.468186  0.003590  
0.019354  0.001000  0.001000  0.002689  0.001000  0.001000  0.001000  0.126102  
0.001000  0.001000  0.063308  0.001000  0.001000  0.001000  0.117024  0.001000  
0.001000  0.001000  0.001000  0.060495  0.001000  0.001000  0.020626  0.072190  
0.160887  0.266447  0.213583  0.556682  0.266422  0.997123  0.084258  0.117864  
0.001000  0.270295  0.001000  0.001000  0.139310  0.001000  0.173480  0.109936  
0.421950  0.500908  0.798897  0.081366  0.251616  0.941593  0.792475  0.339807  
0.999000  0.999000  0.597982  0.999000  0.999000  0.999000  0.023460  0.167999  
0.001000  0.001000  0.001000  0.001000  0.905458  0.001000  0.001000  0.001000  
0.097728  0.038824  0.169096  0.001000  0.049000  0.001000  0.001000  0.019799  
0.999000  0.999000  0.864276  0.999000  0.994942  0.999000  0.633793  0.012653  
0.001000  0.001000  0.001000  0.001000  0.119046  0.001000  0.001000  0.024695  
0.030616  0.001000  0.001000  0.294719  0.001000  0.001000  0.001000  0.001000  
0.001000  0.001000  0.001000  0.001000  0.001000  0.001000  0.001000  0.425069  
0.001000  0.001000  0.001000  0.039011  0.001000  0.001000  0.001000  0.001000  
0.997078  0.999000  0.999000  0.001000  0.988565  0.861137  0.910951  0.549501  
0.001000  0.027566  0.001000  0.001000  0.028802  0.001000  0.001000  0.001000  
0.839075  0.092475  0.001000  0.558886  0.265541  0.059395  0.104062  0.367587  
0.047021  0.999000  0.898495  0.999000  0.999000  0.999000  0.999000  0.252268  
0.999000  0.999000  0.999000  0.999000  0.682779  0.999000  0.999000  0.263222  
0.001000  0.001000  0.001000  0.001000  0.238105  0.001000  0.103958  0.246032  
0.001000  0.028857  0.001000  0.013479  0.001000  0.001000  0.001000  0.001000  
0.449709  0.999000  0.999000  0.238625  0.967758  0.638500  0.765793  0.999000  
0.999000  0.999000  0.999000  0.999000  0.999000  0.999000  0.999000  0.001000  
0.997348  0.999000  0.092348  0.092336  0.972605  0.012591  0.001000  0.001000  
0.999000  0.999000  0.999000  0.831280  0.999000  0.999000  0.007763  0.001000  
0.942963  0.001000  0.993549  0.001000  0.001000  0.702562  0.001000  0.744128  
0.999000  0.999000  0.999000  0.999000  0.999000  0.999000  0.999000  0.509898  
0.001000  0.015900  0.001835  0.001000  0.185893  0.001445  0.525489  0.001000  
0.999000  0.999000  0.999000  0.784782  0.999000  0.850920  0.999000  0.973777  
0.001000  0.001000  0.001000  0.001000  0.001000  0.001000  0.691893  0.001000  
0.001000  0.027554  0.033214  0.001000  0.001000  0.226340  0.677739  0.312418  
0.035138  0.022239  0.188875  0.001000  0.028272  0.003638  0.001832  0.001000  
0.001000  0.001000  0.001000  0.001000  0.001000  0.001000  0.217045  0.001000  
0.001000  0.001000  0.001000  0.001000  0.001000  0.001000  0.109729  0.001000  
0.010322  0.011803  0.001000  0.028505  0.001000  0.001000  0.001000  0.001000  
0.001000  0.001000  0.001000  0.018464  0.413931  0.001000  0.626760  0.418954  
0.437998  0.001000  0.001000  0.001000  0.001000  0.001000  0.001000  0.001000  
0.352783  0.055561  0.857594  0.443810  0.258988  0.953072  0.538838  0.001000  
0.001000  0.001000  0.128259  0.001280  0.001000  0.016026  0.004366  0.001000  
0.999000  0.001000  0.626348  0.013980  0.001000  0.747881  0.909741  0.001512  
0.001000  0.002854  0.100835  0.001000  0.125478  0.001000  0.648609  0.001000  
0.002267  0.001000  0.793369  0.736937  0.046230  0.970102  0.988690  0.001000  
0.646573  0.076889  0.015487  0.055469  0.207120  0.028170  0.244402  0.845687  
0.712349  0.001000  0.159569  0.009444  0.008259  0.002767  0.456653  0.001000  
0.186842  0.837919  0.999000  0.960826  0.811956  0.781565  0.083474  0.410849  
0.061695  0.426910  0.167228  0.568160  0.635075  0.562169  0.758794  0.207841  
0.002502  0.001000  0.065178  0.001000  0.001000  0.001000  0.198407  0.102637  
0.788717  0.072848  0.086987  0.358639  0.175519  0.266039  0.021848  0.164056  
0.063328  0.010066  0.010668  0.125265  0.001488  0.001000  0.001000  0.001000  
0.001000  0.007085  0.001000  0.086531  0.001000  0.001000  0.024998  0.001000  
0.001000  0.001000  0.151887  0.001000  0.098075  0.862979  0.998886  0.001000  
0.998833  0.008790  0.871993  0.550212  0.765377  0.999000  0.999000  0.101122  
0.836762  0.001000  0.001919  0.096806  0.380512  0.044532  0.001000  0.001022  
0.001000  0.001000  0.001000  0.001000  0.228726  0.124062  0.576464  0.001000  
0.996626  0.001000  0.203299  0.001000  0.976576  0.982184  0.998601  0.311861  
0.175302  0.001000  0.001000  0.001271  0.322262  0.001000  0.025865  0.209508  
0.001000  0.001000  0.001000  0.001000  0.001000  0.001000  0.215556  0.001000  
0.001000  0.013620  0.001000  0.049878  0.001000  0.031577  0.001000  0.001000  
0.144125  0.032491  0.001000  0.026065  0.288832  0.001000  0.492518  0.048491  
0.087732  0.012252  0.033803  0.027562  0.001000  0.125983  0.247444  0.006439  
0.001000  0.001000  0.263982  0.001000  0.086164  0.260953  0.008489  0.001000  
0.003271  0.140336  0.001000  0.076410  0.001000  0.001000  0.032153  0.001467  
0.114107  0.085846  0.001000  0.001780  0.001000  0.001000  0.001000  0.001000  
0.946019  0.961092  0.002185  0.001000  0.001000  0.993859  0.999000  0.001000  
0.001000  0.001082  0.001000  0.940938  0.001000  0.001000  0.001000  0.001000  
0.001000  0.001000  0.001000  0.001000  0.001000  0.001000  0.831765  0.001000  
0.999000  0.924326  0.992010  0.974973  0.999000  0.796483  0.999000  0.038125  
0.067753  0.148099  0.003467  0.001000  0.001000  0.006797  0.001000  0.001307  
0.001000  0.001000  0.052533  0.001000  0.999000  0.001000  0.001000  0.001000  
0.284618  0.001297  0.001000  0.001000  0.001000  0.079769  0.001000  0.001000  
0.358887  0.001000  0.001000  0.001000  0.001000  0.001000  0.001000  0.001000  
0.001000  0.001000  0.405064  0.001000  0.999000  0.001000  0.999000  0.001000  
0.992455  0.995709  0.511169  0.999000  0.991861  0.917698  0.999000  0.981644  
0.001000  0.001000  0.348292  0.001000  0.001000  0.001000  0.999000  0.001000  
0.199032  0.001000  0.001000  0.001000  0.001000  0.001000  0.001000  0.001000  
0.961713  0.999000  0.582357  0.999000  0.999000  0.990005  0.999000  0.999000  
0.001000  0.002522  0.001000  0.002875  0.001000  0.003678  0.001000  0.585174  
0.001000  0.001000  0.001000  0.001000  0.001000  0.001000  0.590948  0.001000  
0.359000  0.001000  0.001000  0.001000  0.013839  0.023505  0.001000  0.001000  
0.999000  0.999000  0.092958  0.999000  0.999000  0.999000  0.999000  0.999000  
0.001574  0.115195  0.001000  0.002917  0.001000  0.001000  0.070113  0.001000  
0.001000  0.001000  0.001000  0.999000  0.999000  0.001000  0.001000  0.001000  
0.001000  0.001000  0.001000  0.030404  0.100136  0.001000  0.001026  0.001000  
0.680650  0.999000  0.001000  0.001000  0.001000  0.914503  0.920385  0.954496  
